Data ID	Sequence Name	RNA size	ORF size	Ficket Score	Hexamer Score	Coding Probability	Coding Label
0	ENST00000376637.7	1067	336	1.0467	-0.139824506899	0.10308028978435	no
1	ENST00000476512.5	942	315	1.0729	0.473601907518	0.85189245811239	yes
2	ENST00000400895.6	786	444	1.0644	-0.0846160244342	0.36386909331855	no
3	ENST00000494437.1	976	126	0.8051	-0.196720140449	0.0038220712804503	no
4	ENST00000314340.10	1130	480	1.1831	0.447409245079	0.97576307556936	yes
5	ENST00000376629.8	1100	459	1.118	0.447199467487	0.96317976524897	yes
6	ENST00000376627.6	1055	480	1.015	-0.0823864170419	0.41916203319419	yes
7	ENST00000452018.6	809	468	1.0644	-0.0969868178418	0.40559549295163	yes
8	ENST00000510878.1	849	468	0.8206	-0.000553811040075	0.37426884993659	yes
9	ENST00000513739.5	566	246	1.097	0.570620713731	0.85102056857639	yes
10	ENST00000471765.1	717	312	1.0729	0.470072644951	0.8465047880263	yes
11	ENST00000374490.8	1570	978	1.1606	0.306207142828	0.99968095955853	yes
12	ENST00000436439.6	1354	765	1.1016	0.313542150306	0.99639977798176	yes
13	ENST00000235958.4	1101	486	1.1197	0.351225713783	0.94920018146496	yes
14	ENST00000509389.5	1379	609	1.0154	0.28493878882	0.96997742597181	yes
15	ENST00000496907.1	858	312	0.9345	0.217383763327	0.40027334271034	yes
16	ENST00000513148.1	2011	621	1.1084	0.209529742232	0.96646341678666	yes
17	ENST00000479458.1	594	69	0.8381	-0.102527523024	0.0043612802198871	no
18	ENST00000498698.1	463	156	0.9946	-0.068179278477	0.022675142780149	no
19	ENST00000413987.1	2201	156	0.8821	0.0757051413968	0.036524677114446	no
20	ENST00000447507.1	185	45	0.889	-0.562904114361	0.00019448659302426	no
21	ENST00000437681.1	2614	258	1.0641	-0.184322011095	0.034229977920144	no
22	ENST00000421153.2	266	6	0.5841	-3.18075867159	1.5178020136654E-12	no
23	ENST00000574792.1	715	96	0.7271	-0.401834138593	0.00056905550675902	no
24	ENST00000373534.4	1026	807	1.206	0.408972108596	0.9991378775967	yes
25	ENST00000470166.5	531	192	1.2588	0.616214794868	0.87764574172091	yes
26	ENST00000459874.5	539	192	1.2588	0.616214794868	0.87759357070508	yes
27	ENST00000373467.4	1412	582	1.2853	0.721979526183	0.99900815932064	yes
28	ENST00000470896.1	503	201	0.8507	0.129598459017	0.081229181382206	no
29	ENST00000663032.1	675	288	0.8017	0.0537516530575	0.10430140455301	no
30	ENST00000667635.1	1172	204	0.8646	0.193139609362	0.12230862242523	no
31	ENST00000433671.2	630	288	0.8017	0.0537516530575	0.10455694249894	no
32	ENST00000456813.1	441	237	1.0972	0.148889456544	0.24399175687282	no
33	ENST00000443161.1	424	138	1.026	-0.140962251854	0.012898259776707	no
34	ENST00000360380.7	5225	3864	0.9135	-0.00291577909901	1	yes
35	ENST00000337817.9	5087	3726	0.9135	-0.00185473222437	1	yes
36	ENST00000371877.7	5009	3867	0.9135	-0.00234404981192	1	yes
37	ENST00000396221.6	4558	3813	0.9135	-0.00172534610918	1	yes
38	ENST00000418131.1	3417	1773	1.0216	-0.00393340702155	0.99999920791812	yes
39	ENST00000433827.2	541	294	0.6997	-0.085974844248	0.034880337217293	no
40	ENST00000413565.1	542	276	0.6054	-0.102082919878	0.019500180301621	no
41	ENST00000317868.9	2944	1377	0.8118	-0.0182836869962	0.99988167570267	yes
42	ENST00000371120.7	2890	1377	0.8118	-0.0182836869962	0.99988206298348	yes
43	ENST00000371118.1	665	567	0.6555	-0.0638356363137	0.40879033122602	yes
44	ENST00000414558.2	464	267	1.0757	0.0176874449714	0.14908822486988	no
45	ENST00000487806.5	557	69	0.7048	-0.109080920767	0.0027580681667898	no
46	ENST00000370645.9	806	294	0.7269	0.130565670304	0.13928268491424	no
47	ENST00000370641.3	920	294	0.7269	0.130565670304	0.13845493513358	no
48	ENST00000355754.7	6141	1923	1.1747	0.313203361567	0.9999999859391	yes
49	ENST00000471938.1	768	144	0.8417	0.0469372974848	0.025776879146384	no
50	ENST00000481397.1	457	399	1.1901	0.19742653608	0.77416057379128	yes
51	ENST00000449440.5	763	309	0.9118	0.226048525493	0.39052480126045	yes
52	ENST00000640258.1	8034	2412	1.0603	0.157941436526	0.99999999968147	yes
53	ENST00000639264.1	7736	2412	1.0603	0.157941436526	0.99999999968718	yes
54	ENST00000330947.6	7593	2412	1.0603	0.157941436526	0.99999999968988	yes
55	ENST00000439853.5	7474	2412	1.0603	0.157941436526	0.99999999969212	yes
56	ENST00000578186.2	583	312	1.04	0.569366338126	0.90617439983506	yes
57	ENST00000618193.1	1547	312	1.04	0.569366338126	0.90107810755442	yes
58	ENST00000614272.1	942	312	1.04	0.569366338126	0.90430460563787	yes
59	ENST00000613412.1	610	312	1.04	0.569366338126	0.90603492129479	yes
60	ENST00000258302.8	5606	597	0.9023	0.21958109485	0.90904668821909	yes
61	ENST00000483095.6	1432	543	1.0718	0.229663518432	0.92895769760799	yes
62	ENST00000367557.8	859	543	1.0718	0.229663518432	0.93121979932794	yes
63	ENST00000367556.5	843	543	1.0718	0.229663518432	0.93128199712306	yes
64	ENST00000491420.6	781	216	0.6357	0.0875837481598	0.037928490459874	no
65	ENST00000508450.5	563	171	0.5938	0.117104820675	0.025495877330585	no
66	ENST00000515211.1	566	159	1.1572	0.142648753615	0.1377023385236	no
67	ENST00000646471.1	1336	312	0.4353	-0.257908657977	0.0058241216337359	no
68	ENST00000644058.1	953	309	0.4353	-0.230492285804	0.0069084976105154	no
69	ENST00000645822.1	1631	129	0.7404	-0.392866553627	0.00085053011296664	no
70	ENST00000646606.1	1159	351	0.6437	-0.286862610516	0.014148639878912	no
71	ENST00000644436.1	633	180	0.6944	-0.126898863771	0.0078038898545215	no
72	ENST00000644504.1	758	138	1.0255	0.151035780312	0.08079235362899	no
73	ENST00000655304.1	885	162	0.7648	-0.108959832346	0.0088752405589983	no
74	ENST00000647436.1	518	171	0.6839	0.0231545155776	0.018380890010071	no
75	ENST00000451690.1	276	201	0.5604	-0.0105057298276	0.014075856431644	no
76	ENST00000640710.1	3831	2889	1.1161	0.388030142073	0.99999999999974	yes
77	ENST00000271751.10	8140	2970	1.192	0.382044678843	0.99999999999988	yes
78	ENST00000639952.1	8075	2889	1.1161	0.388030142073	0.99999999999966	yes
79	ENST00000640625.1	1214	372	1.2563	0.297085863665	0.85321822056314	yes
80	ENST00000639385.1	711	417	1.0131	0.270748112316	0.79234508536252	yes
81	ENST00000624583.2	614	450	0.5848	0.0486133987339	0.24777092622655	no
82	ENST00000401510.5	614	381	0.938	0.176225264176	0.52391809697057	yes
83	ENST00000305883.6	4035	1539	0.8991	0.183502167216	0.99999559949027	yes
84	ENST00000540845.5	3885	1488	0.834	0.17038788288	0.99998987375633	yes
85	ENST00000535335.1	4033	1488	0.834	0.17038788288	0.99998978234926	yes
86	ENST00000260599.10	2411	897	1.2832	0.493609338032	0.99984086192936	yes
87	ENST00000490823.5	1396	720	1.2514	0.506009895826	0.99896828408736	yes
88	ENST00000429697.1	1303	837	1.2638	0.533622186306	0.99976773120411	yes
89	ENST00000469936.5	553	171	1.2085	-0.0801236241264	0.04681356304661	no
90	ENST00000464371.1	1042	453	1.2622	0.479215312388	0.97951363282401	yes
91	ENST00000409978.6	4523	2613	1.0649	0.332148701262	0.99999999999086	yes
92	ENST00000398800.8	4300	2613	1.0649	0.332148701262	0.99999999999098	yes
93	ENST00000411874.6	514	210	0.8585	0.0785647227858	0.066510787834003	no
94	ENST00000433605.2	594	189	0.987	0.0726263700237	0.075234170834372	no
95	ENST00000430382.1	456	246	0.6095	0.047257470016	0.037765093976442	no
96	ENST00000283632.5	6183	1176	0.8817	0.168688754548	0.99970441094629	yes
97	ENST00000466417.2	486	144	1.2007	0.204204247741	0.19019677567586	no
98	ENST00000472843.5	592	474	0.647	0.0560535171403	0.35316233766541	no
99	ENST00000643589.1	594	267	0.5097	0.00341330636777	0.026026908877704	no
100	ENST00000642451.1	7512	432	0.8371	0.0162452440684	0.24140762115027	no
101	ENST00000646386.1	572	279	0.498	0.00739347541028	0.029265074620182	no
102	ENST00000331944.10	529	282	0.4795	0.00476119547992	0.028137304679009	no
103	ENST00000629257.1	323	57	0.8716	-0.239787649874	0.0017525980140976	no
104	ENST00000645729.1	419	273	0.4639	-0.00301691380578	0.023359532519142	no
105	ENST00000643509.1	1235	261	0.505	0.00477093277292	0.023388443677291	no
106	ENST00000409054.2	683	111	0.9055	-0.189208129589	0.004761268403848	no
107	ENST00000643321.1	750	276	0.5136	0.00223101626917	0.028471361884367	no
108	ENST00000603948.5	487	102	0.9208	-0.158426178659	0.0056156593451328	no
109	ENST00000644552.1	839	249	0.5587	-0.119636023057	0.011093829994233	no
110	ENST00000424321.5	2112	351	0.964	0.00834307001536	0.20647522416041	no
111	ENST00000425879.1	2434	276	0.653	-0.10017913166	0.020424350151255	no
112	ENST00000421071.1	482	126	0.8316	-0.0319330712916	0.01259377893515	no
113	ENST00000423939.2	560	186	0.8042	-0.196181232761	0.007476819776078	no
114	ENST00000431078.1	5284	3921	0.8908	0.256761438287	1	yes
115	ENST00000470921.1	347	291	0.6133	0.12990391094	0.10091302286904	no
116	ENST00000357702.9	4173	3252	1.1364	0.207428207269	1	yes
117	ENST00000259235.7	4065	3147	1.1364	0.208757228368	1	yes
118	ENST00000643581.1	4143	3174	1.1182	0.205073920299	1	yes
119	ENST00000259234.10	4140	3171	1.1468	0.205181901626	1	yes
120	ENST00000424298.5	849	786	1.1325	0.177967713657	0.99383586619414	yes
121	ENST00000450957.1	559	432	1.0874	0.182128492249	0.76112632237005	yes
122	ENST00000359774.8	1912	1431	0.7974	0.00196571556129	0.99994325619432	yes
123	ENST00000358147.8	1535	1155	0.6825	0.0238268848692	0.99864025741593	yes
124	ENST00000392796.7	1812	1431	0.7974	0.00196571556129	0.99994359967115	yes
125	ENST00000409990.7	1920	1431	0.7974	0.00196571556129	0.99994322862599	yes
126	ENST00000409124.1	1600	1290	0.6773	-0.00694418092344	0.99960460423599	yes
127	ENST00000661621.1	1592	90	1.0512	-0.347870239549	0.0019962569225501	no
128	ENST00000608537.2	1595	90	1.0512	-0.347870239549	0.0019958940519647	no
129	ENST00000605941.5	573	195	0.9002	-0.00401751101838	0.038362818326246	no
130	ENST00000607535.5	579	303	0.7927	-0.131614131764	0.037889311614372	no
131	ENST00000607690.1	535	267	0.8067	-0.109719445577	0.031296153355029	no
132	ENST00000611208.4	2981	561	0.9052	0.236665905874	0.89972103181774	yes
133	ENST00000444332.1	732	312	1.0584	0.0385053342158	0.2335410042159	no
134	ENST00000256496.8	2933	561	0.9052	0.236665905874	0.89998367994578	yes
135	ENST00000476343.1	207	147	0.7786	-0.237756234204	0.0035276277187108	no
136	ENST00000335542.13	1434	354	1.1437	0.429674649735	0.88832320624385	yes
137	ENST00000481287.5	656	483	1.0795	0.346648757471	0.94079871863869	yes
138	ENST00000422159.5	401	276	0.9323	0.284907636601	0.41899798482515	yes
139	ENST00000287656.11	1313	351	1.1671	0.424029394912	0.8894256497536	yes
140	ENST00000439975.6	326	201	1.0271	0.255366536826	0.26300707063256	no
141	ENST00000446937.2	217	123	0.7612	-0.189495818285	0.0035412902611334	no
142	ENST00000429122.1	793	354	1.1437	0.429674649735	0.89212636589122	yes
143	ENST00000475759.5	536	144	1.1649	-0.132431162287	0.022164103351007	no
144	ENST00000476283.1	728	279	0.6763	0.00463160051111	0.048838923650418	no
145	ENST00000446613.6	2875	795	1.1795	0.15389610209	0.99360519533357	yes
146	ENST00000402259.5	1000	546	1.2871	0.515679345191	0.99448262374292	yes
147	ENST00000402271.5	1018	807	1.3051	0.582194924816	0.99979875751382	yes
148	ENST00000425430.5	1021	468	1.2938	0.624096751833	0.99385898225129	yes
149	ENST00000295757.8	2819	1044	1.2989	0.543541490231	0.99997720912044	yes
150	ENST00000404040.5	967	744	1.3051	0.593509679323	0.99963214878335	yes
151	ENST00000458642.5	574	558	1.2402	0.425698555345	0.99013135905663	yes
152	ENST00000405478.5	799	612	1.26	0.561484496119	0.99784407098391	yes
153	ENST00000475818.5	1271	498	1.2848	0.460373059455	0.98643388338551	yes
154	ENST00000522202.5	1559	891	1.26	0.575019071139	0.99989867251817	yes
155	ENST00000437379.2	2766	960	1.266	0.549642153435	0.99993999800208	yes
156	ENST00000487585.5	610	375	1.0857	0.159058977261	0.59431801607043	yes
157	ENST00000498532.5	565	303	1.1519	0.666893253711	0.95957657378445	yes
158	ENST00000650112.1	2531	480	0.9703	0.317961984155	0.88963317308604	yes
159	ENST00000396334.8	2850	930	1.0898	0.456818430478	0.99973223844542	yes
160	ENST00000424893.6	1279	795	1.0352	0.440292685433	0.99861448355555	yes
161	ENST00000652213.1	2655	777	0.9949	0.376488437078	0.99684073568083	yes
162	ENST00000416282.3	2725	588	1.0527	0.400147717649	0.9827815681201	yes
163	ENST00000460295.1	1088	558	1.1716	0.382137256529	0.98327718336963	yes
164	ENST00000652590.1	2839	723	1.1582	0.428951795854	0.99757311241195	yes
165	ENST00000650905.2	2667	930	1.0898	0.456818430478	0.99973519642382	yes
166	ENST00000481122.5	712	597	1.0639	0.412413861234	0.98763098417574	yes
167	ENST00000484513.1	3314	621	0.842	0.109560391831	0.85629247221305	yes
168	ENST00000486712.5	558	207	0.6382	0.224250966994	0.082643648113131	no
169	ENST00000446044.5	2988	1149	1.1909	0.468661942614	0.99998296756386	yes
170	ENST00000497283.1	793	366	0.8405	0.0797890708056	0.26495849099023	no
171	ENST00000430409.5	1160	996	1.2866	0.457634460377	0.9999365411606	yes
172	ENST00000621469.5	2537	1149	1.1909	0.468661942614	0.99998342764519	yes
173	ENST00000357955.6	2500	1149	1.1909	0.468661942614	0.99998346483401	yes
174	ENST00000457064.1	535	357	1.1597	0.495207660515	0.93362146322779	yes
175	ENST00000451680.1	873	174	1.2856	0.524656010537	0.7746293828446	yes
176	ENST00000483209.5	2494	1035	0.9805	0.199288045292	0.99935023025051	yes
177	ENST00000467604.5	5794	906	1.0259	0.237364312207	0.99784370409375	yes
178	ENST00000393765.7	2234	1035	0.9805	0.199288045292	0.99936040099444	yes
179	ENST00000359213.7	2385	1035	0.9805	0.199288045292	0.99935451366901	yes
180	ENST00000480814.5	2107	741	1.1082	0.238350599219	0.99217239283202	yes
181	ENST00000460321.5	835	330	0.9764	0.267576898235	0.56333938206654	yes
182	ENST00000479150.5	615	354	0.8876	0.214955626664	0.47530261656596	yes
183	ENST00000459820.5	582	183	0.763	-0.237571617913	0.0048450542338913	no
184	ENST00000487579.5	582	108	0.8854	0.144045603922	0.037992493340826	no
185	ENST00000479308.1	452	111	0.7165	-0.0339391080053	0.0074127327874163	no
186	ENST00000490337.5	3122	1260	0.7536	0.198767714356	0.99987861195361	yes
187	ENST00000475456.5	552	531	0.8479	0.179896977671	0.81190186768484	yes
188	ENST00000618897.4	4437	1125	0.8659	0.1908189829	0.99958104754815	yes
189	ENST00000302490.12	4086	1206	0.8659	0.206599081899	0.99984602715679	yes
190	ENST00000389634.5	1119	1119	0.8659	0.191460484734	0.99963606218713	yes
191	ENST00000489036.5	576	312	1.0637	0.313483086276	0.65773736861989	yes
192	ENST00000497291.5	1546	888	0.845	0.197166647119	0.99535239400246	yes
193	ENST00000640015.1	484	303	1.2272	0.147125973191	0.49421354364581	yes
194	ENST00000485419.7	2445	1692	0.9212	0.389906350557	0.99999981753854	yes
195	ENST00000639979.1	574	273	0.7659	0.476033323208	0.59127754592424	yes
196	ENST00000638749.1	2633	1464	0.9162	0.392835015185	0.99999783669937	yes
197	ENST00000527095.7	1410	768	0.9987	0.27002293958	0.99357777469412	yes
198	ENST00000640565.1	699	501	0.7294	0.558627553124	0.96293694213279	yes
199	ENST00000460298.3	1884	1356	0.9309	0.362589384008	0.99999225287185	yes
200	ENST00000639448.1	583	429	0.9951	0.631454389157	0.97815339726856	yes
201	ENST00000638311.1	600	255	1.0213	0.266993185269	0.40019274450663	yes
202	ENST00000320474.10	3295	996	0.6969	0.0184807378877	0.99169964993102	yes
203	ENST00000651379.1	3481	1356	0.5908	-0.0133004930963	0.9997028100032	yes
204	ENST00000651686.1	3256	996	0.6969	0.0184807378877	0.99171911952504	yes
205	ENST00000651953.1	3433	996	0.6969	0.0184807378877	0.99163039233585	yes
206	ENST00000651380.1	3400	996	0.6969	0.0184807378877	0.99164700588493	yes
207	ENST00000652059.1	3333	996	0.6969	0.0184807378877	0.99168063589723	yes
208	ENST00000652730.1	4218	996	0.6969	0.0184807378877	0.99122538797196	yes
209	ENST00000651791.1	3531	996	0.6969	0.0184807378877	0.99158086176075	yes
210	ENST00000651117.1	3398	996	0.6969	0.0184807378877	0.99164801171508	yes
211	ENST00000651178.1	3392	996	0.6969	0.0184807378877	0.99165102848499	yes
212	ENST00000652377.1	3058	996	0.6969	0.0184807378877	0.99181726870739	yes
213	ENST00000652134.1	3083	996	0.6969	0.0184807378877	0.99180494005719	yes
214	ENST00000473285.5	2123	996	0.6969	0.0184807378877	0.99226538374444	yes
215	ENST00000651422.1	3786	1242	0.662	-0.0299229269033	0.99907403550793	yes
216	ENST00000652032.1	1640	996	0.6969	0.0184807378877	0.9924872439505	yes
217	ENST00000652309.1	1116	753	0.6989	0.0373527662974	0.91827024122151	yes
218	ENST00000492353.5	662	195	1.1805	0.0961803273605	0.1564724972209	no
219	ENST00000478383.5	572	204	0.7709	-0.1670131073	0.0098869147862938	no
220	ENST00000437488.5	964	186	0.6541	-0.0478152647444	0.012068656860554	no
221	ENST00000668466.1	3436	282	0.7225	-0.143356088833	0.019207323503347	no
222	ENST00000451742.5	844	141	0.6527	-0.198756804747	0.0027725160718399	no
223	ENST00000425330.1	508	216	0.7015	0.036865732307	0.034061491579821	no
224	ENST00000421498.1	393	99	0.9476	-0.119815498962	0.0076591702545266	no
225	ENST00000508591.5	3429	1674	0.8229	-0.00449307255289	0.99999566815854	yes
226	ENST00000295488.8	3543	3306	0.8969	0.0364535870691	1	yes
227	ENST00000510985.1	3315	3105	0.9333	0.0394365553109	0.99999999999957	yes
228	ENST00000515482.1	574	411	1.1451	0.24768953731	0.82419942921821	yes
229	ENST00000440639.2	744	411	0.8306	0.153350874968	0.48094175771666	yes
230	ENST00000394991.8	3177	423	1.1572	0.341456607521	0.89787763737598	yes
231	ENST00000336904.7	3041	423	1.1572	0.341456607521	0.89863233189528	yes
232	ENST00000394986.5	1420	423	1.1572	0.341456607521	0.90725287741636	yes
233	ENST00000508895.5	905	423	1.1572	0.341456607521	0.90985080264495	yes
234	ENST00000506244.5	570	423	1.1572	0.341456607521	0.91150534446954	yes
235	ENST00000502987.5	731	348	1.0469	0.182720251348	0.52919103510795	yes
236	ENST00000506691.1	387	198	1.0293	0.298729691567	0.31576114809922	no
237	ENST00000280614.4	1962	1296	0.8608	0.205070349831	0.99994749140169	yes
238	ENST00000630479.1	1572	504	0.8944	0.183220739821	0.78187266876742	yes
239	ENST00000515616.1	739	729	0.9095	0.19779968332	0.98022806030636	yes
240	ENST00000393743.8	6015	5139	0.8773	0.0340234070758	1	yes
241	ENST00000511317.1	618	510	0.669	-0.0448194395196	0.30695133913085	no
242	ENST00000507815.1	548	303	0.9058	-0.286469942269	0.019847095469603	no
243	ENST00000505393.1	745	531	0.9604	0.0446109027021	0.7131939615314	yes
244	ENST00000513997.1	542	69	0.7753	-0.0567987566978	0.0048551214501847	no
245	ENST00000514995.1	534	357	0.7966	-0.00123633914457	0.14494261511946	no
246	ENST00000648817.1	6107	1857	1.1488	0.319974011228	0.99999997028719	yes
247	ENST00000382021.2	6208	1731	1.1765	0.305642689087	0.99999988236658	yes
248	ENST00000642851.1	2788	1635	1.1765	0.31218048667	0.99999974155775	yes
249	ENST00000642675.1	2338	1248	1.099	0.322567902428	0.99998033940294	yes
250	ENST00000642285.1	2276	1422	1.1119	0.278478231194	0.99999616487278	yes
251	ENST00000514237.6	1022	846	1.1975	0.408586300146	0.99941767284366	yes
252	ENST00000512136.1	2516	444	0.4408	-0.24932277126	0.023882375152953	no
253	ENST00000506762.1	402	96	1.0382	-0.136641405289	0.0088051371423734	no
254	ENST00000509626.1	779	261	0.94	-0.0806097550563	0.052097644400768	no
255	ENST00000670079.1	3626	243	0.5841	0.0566336234189	0.02986679064317	no
256	ENST00000660661.1	3542	243	0.5841	0.0566336234189	0.030014927182681	no
257	ENST00000652922.1	2690	243	0.5841	0.0566336234189	0.031558238812715	no
258	ENST00000666123.1	3377	243	0.5841	0.0566336234189	0.03030798524759	no
259	ENST00000658674.1	3185	243	0.5841	0.0566336234189	0.030652488280825	no
260	ENST00000671056.1	2612	255	0.5145	0.0560117796424	0.028968133521716	no
261	ENST00000670215.1	2857	180	0.5208	-0.10309729037	0.0046388889783418	no
262	ENST00000671098.1	3079	228	0.5797	-0.0237235781093	0.015458342815968	no
263	ENST00000657740.1	2148	210	1.1687	0.0503855271862	0.12431393924641	no
264	ENST00000661968.1	1546	180	0.7458	0.0616358093887	0.029470624120818	no
265	ENST00000669394.1	835	192	0.7566	-0.101163032424	0.012586371318351	no
266	ENST00000500817.2	1342	180	0.5208	-0.10309729037	0.0050835844316468	no
267	ENST00000307259.9	1542	855	0.5776	0.0352124192153	0.95692364409853	yes
268	ENST00000264775.9	1550	858	0.6464	0.0418646604869	0.96747831886781	yes
269	ENST00000520263.1	451	126	1.1804	0.0194773882106	0.050948462316227	no
270	ENST00000515132.5	677	303	0.7805	-0.025168512453	0.070702961880908	no
271	ENST00000381055.8	7309	3354	0.9181	0.0852097843232	1	yes
272	ENST00000381052.8	6956	1467	0.8424	0.137159617018	0.99998142847322	yes
273	ENST00000314351.9	1322	867	0.8041	0.128847161957	0.98978588821646	yes
274	ENST00000417396.2	550	399	0.9578	-0.0566021561197	0.23491223820808	no
275	ENST00000470597.5	2850	1530	0.8382	0.0388115488851	0.99998579318851	yes
276	ENST00000502886.1	1237	879	0.7259	0.0128076764315	0.97579691392557	yes
277	ENST00000506572.5	1331	1203	1.1114	0.180079266631	0.99992587461199	yes
278	ENST00000256442.10	2029	1302	1.0634	0.184002517567	0.99996995376955	yes
279	ENST00000508407.5	780	732	1.1151	0.221547860201	0.99130477982248	yes
280	ENST00000505500.5	1190	1188	1.1114	0.205227267919	0.99992678980889	yes
281	ENST00000507798.1	767	510	1.1073	0.0934119696627	0.81249820328047	yes
282	ENST00000513102.1	463	165	1.0846	0.189019472791	0.15639131734083	no
283	ENST00000623266.1	498	156	1.2665	-0.0120808753449	0.073034027767273	no
284	ENST00000316105.7	4381	2394	1.1073	0.321624860657	0.99999999990925	yes
285	ENST00000624909.1	616	465	1.096	0.228180806831	0.86333475563265	yes
286	ENST00000571252.3	4778	2889	1.1468	0.347998441743	0.99999999999967	yes
287	ENST00000612927.1	2691	2556	1.1404	0.304596618335	0.99999999998567	yes
288	ENST00000425316.3	741	210	0.69	0.0126543344127	0.026085670209826	no
289	ENST00000514846.1	543	210	0.6904	0.0235817296036	0.028346089485517	no
290	ENST00000511565.1	502	189	0.8498	0.0562795004078	0.04554871923591	no
291	ENST00000506465.1	421	183	0.8155	0.158104530551	0.07325170616919	no
292	ENST00000486793.5	567	267	0.5557	0.144153206673	0.072638014313818	no
293	ENST00000530927.5	1440	1029	1.1797	0.321894529929	0.99984512689284	yes
294	ENST00000380815.5	1665	1119	1.1546	0.344006134031	0.99994451084978	yes
295	ENST00000531690.5	515	246	1.1847	0.233964711969	0.44979969912744	yes
296	ENST00000530459.1	520	453	0.9267	0.222888455528	0.75996393933108	yes
297	ENST00000530075.1	402	99	0.8192	-0.278227254547	0.0018074277218014	no
298	ENST00000606522.1	1100	294	0.4589	-0.283325822013	0.0044346935942903	no
299	ENST00000659819.1	1150	294	0.4589	-0.283325822013	0.0044213100407699	no
300	ENST00000606652.1	480	102	0.7592	-0.249506496137	0.0018601573594904	no
301	ENST00000375784.7	1254	726	1.1398	0.401412897582	0.99728908294348	yes
302	ENST00000375779.6	1127	726	1.1398	0.401412897582	0.99730985110055	yes
303	ENST00000375780.6	1560	726	1.1398	0.401412897582	0.99723838401752	yes
304	ENST00000616760.1	1098	726	1.1398	0.401412897582	0.99731457113836	yes
305	ENST00000442253.3	4715	1080	1.209	0.373997718336	0.99992960797979	yes
306	ENST00000360726.3	4655	1080	1.209	0.373997718336	0.9999298639413	yes
307	ENST00000536676.5	3699	1755	1.047	0.199420602997	0.99999976397013	yes
308	ENST00000539200.5	3600	1656	1.0704	0.197898323553	0.99999935784284	yes
309	ENST00000544166.5	2864	531	0.8707	0.0123245027266	0.57133066228683	yes
310	ENST00000369261.9	3698	1863	1.0289	0.195898713016	0.99999992045221	yes
311	ENST00000620278.1	2642	471	0.8904	0.031193988615	0.45972290280215	yes
312	ENST00000447886.1	791	408	1.2321	0.321270375861	0.90539104637231	yes
313	ENST00000343882.10	7308	2022	0.902	0.40193384761	0.99999999321394	yes
314	ENST00000406360.2	7296	2022	0.902	0.40193384761	0.99999999321888	yes
315	ENST00000282561.4	3083	1149	0.8866	0.267489435124	0.99983181513857	yes
316	ENST00000650427.1	2908	1149	0.8866	0.267489435124	0.99983359247101	yes
317	ENST00000283905.8	3770	1773	0.8542	0.0587686634944	0.99999909487426	yes
318	ENST00000409280.5	3357	1773	0.8542	0.0587686634944	0.99999911728963	yes
319	ENST00000443822.5	555	459	0.7784	0.0317005698616	0.37448282483636	yes
320	ENST00000415598.5	757	345	0.8044	0.00344630201154	0.13439016202485	no
321	ENST00000444434.1	519	276	0.7383	0.0542260327553	0.078229101037417	no
322	ENST00000345317.7	3839	1080	1.0794	0.161974271092	0.99959348325126	yes
323	ENST00000468712.5	955	102	0.6991	-0.228168159522	0.0017229039895195	no
324	ENST00000495802.5	554	78	1.2458	0.0224623721159	0.03824776615376	no
325	ENST00000481204.5	513	105	1.0026	-0.0456972038762	0.015605405284162	no
326	ENST00000673284.1	2879	1371	1.2634	0.708666538678	0.99999974944737	yes
327	ENST00000616242.4	2260	1395	1.2946	0.670981982555	0.99999978354446	yes
328	ENST00000459642.1	1641	432	1.0594	0.675762114467	0.98613441662971	yes
329	ENST00000345378.7	2424	1401	1.2886	0.687389848422	0.99999981264738	yes
330	ENST00000403799.8	2745	1398	1.2886	0.700795475505	0.99999981937767	yes
331	ENST00000395796.7	2539	1395	1.2946	0.670981982555	0.99999977984637	yes
332	ENST00000671824.1	2749	1461	1.2824	0.663390371013	0.99999988066195	yes
333	ENST00000473353.1	404	213	1.261	0.883682872009	0.98161990050295	yes
334	ENST00000476008.1	553	114	0.5049	-0.0695543830771	0.0031075807277956	no
335	ENST00000628980.2	6212	3879	1.0455	0.270954962024	1	yes
336	ENST00000629359.2	6704	3321	1.0453	0.268240808109	1	yes
337	ENST00000637585.1	190	177	0.8839	0.189383838164	0.10273530568183	no
338	ENST00000636040.1	100	63	0.4328	0.156258730728	0.0064943690396995	no
339	ENST00000637976.1	100	36	0.8742	-0.485911137898	0.0002814552297119	no
340	ENST00000637282.1	3174	2526	0.9988	0.26937860284	0.99999999995981	yes
341	ENST00000637486.1	4355	1725	0.8279	0.259733559428	0.9999995458949	yes
342	ENST00000628361.1	715	711	1.14	0.310326669791	0.99438979456035	yes
343	ENST00000628781.1	2013	1668	1.0403	0.221146557585	0.99999951709974	yes
344	ENST00000636936.1	100	36	1.2087	-0.247482121164	0.0038721819328925	no
345	ENST00000637136.1	100	33	1.0583	-0.410823824431	0.00079728778586883	no
346	ENST00000636993.1	4948	255	0.4067	-0.159833754482	0.0044172414750221	no
347	ENST00000670440.1	819	132	0.5553	-0.17058796462	0.0022354969759471	no
348	ENST00000433446.1	769	132	0.5553	-0.17058796462	0.0022422788528018	no
349	ENST00000446309.1	338	132	0.5553	-0.17058796462	0.0023015963117787	no
350	ENST00000484974.5	491	309	0.9337	0.217054280791	0.39671618680542	yes
351	ENST00000476426.5	537	249	1.042	0.320599336971	0.48831795866796	yes
352	ENST00000492837.1	602	309	0.9337	0.217054280791	0.39510427223694	yes
353	ENST00000481697.5	1262	1023	0.9114	0.189307151572	0.99908922207447	yes
354	ENST00000442873.5	2217	435	0.8666	0.358580428562	0.82662582420239	yes
355	ENST00000487807.5	582	150	0.8676	0.0396928937533	0.028680085414113	no
356	ENST00000413034.3	2211	1179	0.8281	0.168738674752	0.99973400707815	yes
357	ENST00000420217.1	1958	363	1.0361	0.0788512624954	0.37398656078444	yes
358	ENST00000409231.7	1446	828	0.8792	0.0341781748775	0.97714459300275	yes
359	ENST00000496790.1	723	252	1.1136	0.299830786215	0.51555628342497	yes
360	ENST00000455385.6	2151	726	0.8632	0.00309947946273	0.91328185757434	yes
361	ENST00000011473.6	2127	780	0.8255	0.0405528032884	0.95557461846838	yes
362	ENST00000464029.5	1017	279	1.1055	-0.0262198640326	0.13682994144326	no
363	ENST00000470347.1	1193	675	0.9402	0.0579383792071	0.92166266720116	yes
364	ENST00000634737.1	835	333	0.9896	-0.113421047309	0.1009344641777	no
365	ENST00000460770.1	545	159	0.7338	-0.205849817356	0.0042166976697687	no
366	ENST00000221138.9	1946	930	0.9442	0.127377292032	0.99648589144576	yes
367	ENST00000518243.5	577	552	1.0171	0.0212353911829	0.76350750700536	yes
368	ENST00000520056.1	755	375	0.8179	0.0303349134564	0.211106607598	no
369	ENST00000262207.9	4297	1503	0.7909	0.0260933068862	0.99997379184285	yes
370	ENST00000520277.1	553	315	0.8536	0.161655051068	0.27378520431938	no
371	ENST00000523524.5	2100	939	0.9023	0.0257309536826	0.99284413322969	yes
372	ENST00000520513.1	305	33	0.8169	-0.455967838752	0.00027390020516964	no
373	ENST00000520096.5	790	195	0.7507	0.0803812713198	0.04120144578881	no
374	ENST00000501400.1	1914	246	0.3825	-0.20541400009	0.0033087371474695	no
375	ENST00000377838.8	4594	3732	1.125	0.388414698902	1	yes
376	ENST00000520727.5	4686	3696	1.1196	0.386946802573	1	yes
377	ENST00000523924.5	4756	3696	1.1196	0.386946802573	1	yes
378	ENST00000523243.5	4774	2997	1.0623	0.343122687732	0.99999999999986	yes
379	ENST00000518408.5	1552	1089	1.1281	0.422071768611	0.99995052238365	yes
380	ENST00000520214.5	4294	3696	1.1196	0.386946802573	1	yes
381	ENST00000522723.1	436	126	0.8869	-0.00563248693931	0.017780939021087	no
382	ENST00000517307.5	866	690	0.9443	0.229666782904	0.9779876897927	yes
383	ENST00000519827.1	659	264	0.5488	-0.0448745673105	0.020742653054614	no
384	ENST00000522974.5	5472	2541	1.045	0.366691943485	0.99999999998213	yes
385	ENST00000518198.1	1848	426	0.9921	0.383198566135	0.88532521901049	yes
386	ENST00000262585.6	5438	3636	1.2928	0.416672916818	1	yes
387	ENST00000519811.5	5482	3837	1.3126	0.411444119071	1	yes
388	ENST00000523058.5	906	873	1.0135	0.304560889516	0.99847146070022	yes
389	ENST00000518668.5	5185	3480	1.3126	0.413766056275	1	yes
390	ENST00000424248.2	4740	3441	1.3126	0.414017105663	1	yes
391	ENST00000518249.5	831	144	0.8591	0.0745294455212	0.032322290442423	no
392	ENST00000523015.1	402	75	0.7406	-0.397665681614	0.00049568924576375	no
393	ENST00000520482.1	2883	1509	1.2404	0.300643038062	0.99999910384152	yes
394	ENST00000523066.1	559	219	0.9773	0.148716393564	0.15309165296516	no
395	ENST00000518806.1	1303	279	1.1595	0.413442554952	0.7708779979789	yes
396	ENST00000517985.5	504	306	1.0075	0.278009000211	0.54535880798475	yes
397	ENST00000517813.1	4487	801	1.2022	0.337879500937	0.9981650641206	yes
398	ENST00000523308.5	2959	747	1.2192	0.497656601355	0.999009380693	yes
399	ENST00000520571.1	590	408	1.1644	0.387873948862	0.92399136411946	yes
400	ENST00000523530.1	1552	477	0.9658	0.252153030337	0.84095740846535	yes
401	ENST00000521835.1	3157	531	0.6508	0.0827554076396	0.51089650745569	yes
402	ENST00000657430.1	4190	246	0.4848	-0.341900440364	0.0016166312081409	no
403	ENST00000665432.1	3977	246	0.4848	-0.341900440364	0.0016376405024264	no
404	ENST00000653610.1	1041	129	0.9255	0.187882393643	0.068050053542062	no
405	ENST00000670006.1	874	129	0.9255	0.187882393643	0.06869594786749	no
406	ENST00000662699.1	761	159	0.9198	-0.180287916348	0.0087977867087962	no
407	ENST00000653820.1	1019	117	1	0.149816256028	0.059373712937218	no
408	ENST00000666824.1	2354	174	0.86	0.124501657896	0.055488138974471	no
409	ENST00000658640.1	1445	159	0.9198	-0.180287916348	0.0084429068731354	no
410	ENST00000656046.1	1732	144	0.5994	0.146372051214	0.021978279182928	no
411	ENST00000657835.1	915	117	1	0.149816256028	0.059727363695717	no
412	ENST00000657057.1	446	153	0.9969	-0.1016399854	0.017834084546109	no
413	ENST00000665236.1	3096	150	0.8732	0.0916693799651	0.035082766960154	no
414	ENST00000655407.1	3045	162	0.6226	-0.282448848393	0.0015955102802417	no
415	ENST00000357700.11	2717	837	1.2104	0.516702972874	0.99966533254735	yes
416	ENST00000459912.5	2780	522	1.2622	0.500098785257	0.99048811907968	yes
417	ENST00000479033.1	2565	471	0.6254	0.00130266804027	0.233839609142	no
418	ENST00000482921.1	489	360	1.0255	0.372371210758	0.80942127221758	yes
419	ENST00000494307.1	457	255	0.7826	0.00367023859211	0.05292314637739	no
420	ENST00000372979.9	3006	1935	0.8391	0.15299229933	0.99999991560324	yes
421	ENST00000484976.6	1679	1032	0.9064	0.20261511608	0.99921138329167	yes
422	ENST00000454759.6	2084	1806	0.9271	0.156975691842	0.99999976219233	yes
423	ENST00000430082.6	2246	2034	0.8391	0.153221440361	0.99999997240836	yes
424	ENST00000453402.5	884	636	0.899	0.0232839981583	0.84605760877294	yes
425	ENST00000371818.9	2390	1473	0.9335	0.206222369841	0.99999372034015	yes
426	ENST00000371811.4	2455	1473	0.9335	0.206222369841	0.99999369550737	yes
427	ENST00000529568.5	1952	1050	1.0242	0.207696254298	0.99955905322998	yes
428	ENST00000527595.5	1423	579	0.8444	0.231111320378	0.90513541338716	yes
429	ENST00000557395.5	1234	519	0.9716	0.251561197939	0.89595662818762	yes
430	ENST00000528174.5	538	216	1.1127	0.429526016007	0.63128552489427	yes
431	ENST00000533549.1	582	216	1.1127	0.429526016007	0.63066345083509	yes
432	ENST00000393459.5	3098	978	1.2668	0.399873366554	0.99986487800506	yes
433	ENST00000224807.9	3089	978	1.2668	0.399873366554	0.99986495181461	yes
434	ENST00000489434.3	744	534	1.1445	0.390944848124	0.97830051636416	yes
435	ENST00000465383.5	549	357	1.2168	0.29536543267	0.8179924138601	yes
436	ENST00000487721.1	761	207	1.1585	0.439749671836	0.65436744980039	yes
437	ENST00000466982.1	2756	375	0.9468	0.0653453052579	0.30925302085094	no
438	ENST00000470252.1	2541	258	0.5402	-0.109326388931	0.011136752248368	no
439	ENST00000332674.9	3470	888	0.8839	0.369427442282	0.99851297116334	yes
440	ENST00000453116.5	803	678	0.8835	0.372620599793	0.98811820305779	yes
441	ENST00000239007.11	2424	687	0.7677	0.352972109984	0.98066111338527	yes
442	ENST00000651225.1	2409	579	0.7602	0.29193428426	0.91155682980212	yes
443	ENST00000652243.1	2284	231	1.2023	0.363642698	0.60836008922011	yes
444	ENST00000652506.1	2127	579	0.7602	0.29193428426	0.91292757966875	yes
445	ENST00000651811.1	2230	579	0.7602	0.29193428426	0.91242915784887	yes
446	ENST00000651467.1	2128	579	0.7602	0.29193428426	0.91292275298178	yes
447	ENST00000650843.1	2255	636	0.662	0.290987925628	0.93361683650375	yes
448	ENST00000650696.1	2150	579	0.7602	0.29193428426	0.91281650461679	yes
449	ENST00000652604.1	2095	549	0.7238	0.287132136472	0.8677759498583	yes
450	ENST00000652463.1	2237	579	0.7602	0.29193428426	0.91239519108654	yes
451	ENST00000651557.1	567	348	0.8603	0.274190672564	0.53606113221368	yes
452	ENST00000650810.1	2303	579	0.7602	0.29193428426	0.91207434709097	yes
453	ENST00000650952.1	996	579	0.7602	0.29193428426	0.91823387094551	yes
454	ENST00000652028.1	2126	579	0.7602	0.29193428426	0.9129324061137	yes
455	ENST00000651848.1	2216	579	0.7602	0.29193428426	0.91249705565785	yes
456	ENST00000652323.1	2755	294	0.8854	0.056878975445	0.12695945666499	no
457	ENST00000651112.1	2140	180	0.6849	-0.468798394929	0.00072833278771777	no
458	ENST00000648167.1	1665	1125	1.2274	0.415593158125	0.99997421060561	yes
459	ENST00000368984.8	2091	1443	1.2417	0.498105777915	0.99999952856656	yes
460	ENST00000420892.1	1214	504	1.3157	0.463280803544	0.98869495407044	yes
461	ENST00000534483.1	827	51	0.574	-0.580796627704	6.5925898229949E-5	no
462	ENST00000524824.1	587	72	1.1427	0.0663638762201	0.034702541293329	no
463	ENST00000531076.1	457	93	0.7128	-0.0422074734563	0.0057188832659819	no
464	ENST00000397411.6	1025	717	1.2961	0.614559784182	0.99955754599579	yes
465	ENST00000397397.7	1379	717	1.2961	0.614559784182	0.99954793713012	yes
466	ENST00000397408.5	1430	717	1.2961	0.614559784182	0.99954653571778	yes
467	ENST00000530404.5	818	255	1.2458	0.547720860245	0.89482095166637	yes
468	ENST00000397406.5	1426	717	1.2961	0.614559784182	0.99954664578924	yes
469	ENST00000409543.6	1031	717	1.2961	0.614559784182	0.99955738484682	yes
470	ENST00000397404.5	1462	717	1.2961	0.614559784182	0.99954565418396	yes
471	ENST00000464987.5	2205	597	0.5091	-0.0222261369064	0.41985188808603	yes
472	ENST00000409531.5	1339	774	1.2527	0.59366894572	0.99967960666477	yes
473	ENST00000527644.1	968	753	1.1468	0.660803549469	0.99964804030466	yes
474	ENST00000468468.5	2777	642	1.2272	0.502052214169	0.99711738337912	yes
475	ENST00000529566.1	706	390	1.2965	-0.198514206809	0.23860483797967	no
476	ENST00000494815.1	2187	507	0.997	0.319583515349	0.9237482040161	yes
477	ENST00000299550.10	9753	3651	0.9185	0.256409764132	1	yes
478	ENST00000402157.6	10086	3738	0.9185	0.261332151348	1	yes
479	ENST00000646038.1	10688	4179	0.9185	0.246882710088	1	yes
480	ENST00000481014.6	6505	2607	1.0813	0.176771055474	0.99999999997085	yes
481	ENST00000529211.1	970	210	0.8861	-0.224194172388	0.010135890469915	no
482	ENST00000525788.1	854	564	0.9125	0.367557266096	0.96241540355	yes
483	ENST00000530502.1	858	750	1.0048	0.372479474531	0.99622692146559	yes
484	ENST00000531498.5	1210	702	1.0309	0.140102141	0.97297235459082	yes
485	ENST00000529057.1	378	360	1.1779	0.28157256569	0.79122644405903	yes
486	ENST00000644261.1	786	108	0.605	0.168417767071	0.018631256819737	no
487	ENST00000334888.9	1306	447	1.1089	0.200379990361	0.81210396953729	yes
488	ENST00000398979.7	908	255	1.0956	0.212379329331	0.36574806125264	yes
489	ENST00000515837.7	1053	438	1.0803	0.19282135748	0.77591731998623	yes
490	ENST00000544795.5	493	171	1.2503	0.372553793534	0.52750183663377	yes
491	ENST00000541473.1	568	102	0.5846	-0.212116412943	0.0013690144068661	no
492	ENST00000663760.1	533	111	1.0266	0.224888248176	0.098073098947974	no
493	ENST00000544553.1	391	78	0.9969	0.159417943635	0.043415012984281	no
494	ENST00000652899.1	561	150	0.9615	-0.0135645078453	0.027178411045146	no
495	ENST00000538355.1	431	150	0.9615	-0.0135645078453	0.027387891519135	no
496	ENST00000527850.5	2403	1086	1.1124	0.298298157459	0.99987199287671	yes
497	ENST00000532469.1	1499	777	0.7619	0.161062328418	0.97515713060692	yes
498	ENST00000265465.8	3544	1797	1.0194	0.260038321474	0.99999989147845	yes
499	ENST00000532391.1	580	438	0.5814	0.103752479151	0.29217544674018	no
500	ENST00000527618.5	1924	888	1.1596	0.307133306048	0.99914050036192	yes
501	ENST00000525924.1	873	756	0.9522	0.272468653871	0.99195366902868	yes
502	ENST00000533192.1	692	444	1.0439	0.292607635318	0.86683816483022	yes
503	ENST00000534785.1	741	111	0.9101	-0.126647550093	0.0072571517975001	no
504	ENST00000534313.6	3499	3129	1.1756	0.528726560948	1	yes
505	ENST00000533361.1	562	306	0.8394	0.407578549565	0.62380445927184	yes
506	ENST00000526137.1	379	108	0.9064	-0.264845033914	0.0028630341855163	no
507	ENST00000527525.5	3235	2823	1.2514	0.53746187403	0.99999999999987	yes
508	ENST00000394224.3	3628	3129	1.1756	0.528726560948	1	yes
509	ENST00000534406.1	351	315	1.1138	0.445348407845	0.84907568832473	yes
510	ENST00000530226.1	560	462	1.2672	0.618715599999	0.99282976836378	yes
511	ENST00000529725.1	435	252	0.8686	0.53020241473	0.69656014626203	yes
512	ENST00000528699.1	548	180	1.2172	0.64541406572	0.87007606099565	yes
513	ENST00000533603.5	2299	1257	1.2799	0.681668577292	0.99999905857523	yes
514	ENST00000526242.1	474	255	1.2812	0.713177423476	0.96660843737326	yes
515	ENST00000649490.1	3523	975	1.2724	0.671033131946	0.99997650901319	yes
516	ENST00000530284.5	1358	975	1.2724	0.671033131946	0.9999794026162	yes
517	ENST00000358171.8	2058	1257	1.2799	0.681668577292	0.99999907225094	yes
518	ENST00000524558.5	3391	1257	1.2799	0.681668577292	0.99999899403856	yes
519	ENST00000533449.5	582	450	1.3082	0.672425660454	0.99494838631893	yes
520	ENST00000525876.1	2283	606	1.2952	0.649786602566	0.99874078363484	yes
521	ENST00000534733.6	545	330	0.9295	0.285483000654	0.56050231592083	yes
522	ENST00000227495.10	1790	990	1.277	0.515066968795	0.99995037495225	yes
523	ENST00000531217.5	1745	510	1.2868	0.51095713286	0.99123116104338	yes
524	ENST00000444328.6	1812	1002	1.277	0.518006441983	0.99995719348337	yes
525	ENST00000534083.5	1919	1002	1.277	0.518006441983	0.99995691448106	yes
526	ENST00000528605.5	1100	723	1.1977	0.439262885731	0.99819698597311	yes
527	ENST00000528858.5	763	627	1.2628	0.521336357065	0.99763700105249	yes
528	ENST00000534452.5	550	279	1.2171	0.461978768379	0.85326361207676	yes
529	ENST00000392669.6	1724	1002	1.277	0.518006441983	0.99995742158879	yes
530	ENST00000356132.8	1745	1020	1.2968	0.505467292414	0.9999641767458	yes
531	ENST00000526727.5	1967	1002	1.277	0.518006441983	0.99995678873102	yes
532	ENST00000532243.5	1825	999	1.259	0.503549444907	0.99994848295324	yes
533	ENST00000534457.5	987	987	1.2788	0.500424705069	0.99994652633926	yes
534	ENST00000524834.5	788	777	1.0842	0.382524556053	0.99795036704393	yes
535	ENST00000524860.1	1012	459	1.257	0.511962264588	0.98423170566381	yes
536	ENST00000533826.1	1037	261	1.0029	-0.0703646767118	0.065895032257944	no
537	ENST00000358825.9	6322	3483	1.0986	0.374018035583	1	yes
538	ENST00000304538.10	5817	3072	1.049	0.358965292324	1	yes
539	ENST00000360871.7	6301	3471	1.0986	0.372760432836	1	yes
540	ENST00000423662.6	5998	3186	1.0924	0.363314818788	1	yes
541	ENST00000527581.5	620	417	1.209	0.567117027706	0.98048595105551	yes
542	ENST00000531431.1	528	345	1.072	0.396373344636	0.83009270310456	yes
543	ENST00000539198.5	530	354	1.1815	0.326469418017	0.82720903210767	yes
544	ENST00000545811.5	661	534	1.1598	0.343127043559	0.97196661532803	yes
545	ENST00000537031.5	1437	1080	1.0563	0.555700767874	0.99997191662117	yes
546	ENST00000538854.1	510	60	0.6183	-0.329630316766	0.00044684171003499	no
547	ENST00000310594.7	2184	1080	1.0563	0.555700767874	0.99997061355995	yes
548	ENST00000397196.7	2238	1080	1.0563	0.555700767874	0.99997051705238	yes
549	ENST00000543563.1	716	693	0.9852	0.164764525085	0.97167922499143	yes
550	ENST00000543071.5	1304	759	1.1214	0.518469947907	0.99906735674764	yes
551	ENST00000542408.1	508	339	1.1647	0.246634715878	0.69534878834484	yes
552	ENST00000545747.1	1005	462	1.0222	0.635287005422	0.98584226316136	yes
553	ENST00000609686.3	30355	4455	1.0371	0.447998540679	1	yes
554	ENST00000636855.1	100	0	0	0	0.00030254811669731	no
555	ENST00000636856.1	139	117	1.1561	-0.150279849064	0.014771522740199	no
556	ENST00000630791.1	830	174	0.738	0.113231916264	0.039177392524011	no
557	ENST00000627535.2	595	174	0.738	0.113231916264	0.039718054195034	no
558	ENST00000637875.1	115	90	0.5748	-0.159972053547	0.0016904988251373	no
559	ENST00000551673.5	489	285	0.9188	-0.0958100375204	0.057811843722882	no
560	ENST00000324868.13	2117	1434	0.9232	0.245111214825	0.99999247677605	yes
561	ENST00000257981.7	4023	3252	1.1691	0.49474045008	1	yes
562	ENST00000649994.1	3887	2163	1.0853	0.455562839655	0.99999999952635	yes
563	ENST00000550434.1	649	159	1.0745	-0.218529200012	0.011161683521908	no
564	ENST00000551415.1	232	150	0.8307	0.302520854506	0.13217866128528	no
565	ENST00000548675.1	666	252	0.6819	0.0727385639138	0.057864818285465	no
566	ENST00000552905.6	2380	243	0.6178	-0.151544978575	0.0092518610935878	no
567	ENST00000546566.6	1671	195	0.7893	-0.0222288245652	0.022822995551917	no
568	ENST00000666649.1	1384	195	0.7893	-0.0222288245652	0.023214885773403	no
569	ENST00000663863.1	1849	195	0.7893	-0.0222288245652	0.022583195673338	no
570	ENST00000653826.1	1477	195	0.7893	-0.0222288245652	0.023087182804697	no
571	ENST00000660006.1	1656	195	0.7893	-0.0222288245652	0.022843316651343	no
572	ENST00000657729.1	1754	195	0.8654	-0.0665305287518	0.021555437747821	no
573	ENST00000669379.1	1663	195	0.7893	-0.0222288245652	0.022833831273551	no
574	ENST00000550601.5	711	195	0.7893	-0.0222288245652	0.024159784486534	no
575	ENST00000656120.1	750	195	0.7893	-0.0222288245652	0.024104018628891	no
576	ENST00000607643.1	662	105	0.6319	-0.00826107194532	0.0062369468919782	no
577	ENST00000546767.5	364	93	0.7743	0.147159160638	0.023914012281025	no
578	ENST00000546793.1	2863	522	0.6141	0.0362449786011	0.38740025658465	yes
579	ENST00000551890.1	569	201	0.8919	-0.0482986788197	0.030035547158373	no
580	ENST00000308197.9	1652	744	0.8009	0.277340962442	0.98514148285803	yes
581	ENST00000551566.1	654	285	0.8318	0.177145322067	0.21887985227387	no
582	ENST00000551911.5	1332	531	0.8971	0.194779365238	0.84129556231099	yes
583	ENST00000433805.6	1410	648	1.0003	0.298078244693	0.98081783681782	yes
584	ENST00000546614.1	707	189	0.8785	0.197342986453	0.1157545201122	no
585	ENST00000546544.5	1369	693	0.9213	0.250250410175	0.97935510678746	yes
586	ENST00000549545.1	1546	456	1.0043	0.320661830213	0.88204905024679	yes
587	ENST00000551814.1	410	123	1.18	0.257490017116	0.20030570620699	no
588	ENST00000549318.5	937	789	1.106	0.38936746356	0.99837790040531	yes
589	ENST00000547423.5	566	315	0.9502	0.28009605366	0.52727835755432	yes
590	ENST00000548360.1	512	246	0.9335	0.402527799876	0.53055510166021	yes
591	ENST00000354947.10	3176	1266	1.2686	0.463560857934	0.99999606019919	yes
592	ENST00000540759.6	2876	1266	1.2686	0.463560857934	0.99999613131492	yes
593	ENST00000550095.5	941	516	1.2	0.445708879621	0.98429445912194	yes
594	ENST00000548264.1	403	378	1.2497	0.525288228689	0.9664352758422	yes
595	ENST00000258499.8	4008	2139	0.5914	-0.022283772649	0.99999993153673	yes
596	ENST00000393091.6	3161	2139	0.5914	-0.022283772649	0.9999999349687	yes
597	ENST00000552440.5	1818	1491	0.7136	-0.051488602283	0.9999453819319	yes
598	ENST00000537435.2	2499	2139	0.5914	-0.022283772649	0.99999993753084	yes
599	ENST00000552237.1	463	273	0.778	-0.200079647007	0.017124126284936	no
600	ENST00000551837.1	666	492	0.8179	0.0258505131993	0.4806335717797	yes
601	ENST00000549639.1	677	333	0.8685	0.0902573089506	0.22916969459429	no
602	ENST00000547951.1	685	126	0.8919	-0.228249318186	0.0041482467368765	no
603	ENST00000549155.6	1385	1071	0.7769	0.142516988327	0.99886532164836	yes
604	ENST00000644049.1	3797	3366	0.6719	0.140640953527	1	yes
605	ENST00000551148.1	554	78	0.886	-0.254305351192	0.0020610209342957	no
606	ENST00000392977.8	4033	2868	0.7619	0.142079543564	0.99999999999488	yes
607	ENST00000546991.1	571	183	0.9886	-0.0645381451668	0.030090211524589	no
608	ENST00000392979.7	3909	2763	0.7619	0.137914140373	0.99999999998375	yes
609	ENST00000550015.1	2293	1428	0.7822	0.144567360771	0.99997545801842	yes
610	ENST00000551531.1	416	120	1.1096	0.0357308367329	0.043002968078106	no
611	ENST00000551940.1	544	156	0.7352	-0.111024385653	0.0076423913784263	no
612	ENST00000617316.2	1496	906	1.2262	0.567601124787	0.99989976346411	yes
613	ENST00000646827.1	2138	717	1.35	0.59940364597	0.99955829890056	yes
614	ENST00000652466.1	3828	264	0.986	0.477179937772	0.68427320288546	yes
615	ENST00000541002.7	1110	333	0.784	-0.0898367551769	0.063337031598298	no
616	ENST00000542427.6	519	153	0.983	0.0637171708424	0.049032700510196	no
617	ENST00000544890.1	796	168	0.5274	0.0873680853829	0.016383596868991	no
618	ENST00000618072.4	1144	264	0.986	0.477179937772	0.71838172075961	yes
619	ENST00000261692.7	1346	348	1.043	0.42711711126	0.8430262149236	yes
620	ENST00000538446.5	1161	402	0.7903	0.304942257294	0.66270206193485	yes
621	ENST00000535979.5	1281	264	0.986	0.477179937772	0.71669576906162	yes
622	ENST00000544658.5	931	264	0.986	0.477179937772	0.72099079306647	yes
623	ENST00000662244.1	1141	213	0.8048	0.0719582041584	0.054190132486005	no
624	ENST00000499499.2	2908	213	0.8048	0.0719582041584	0.048946968694101	no
625	ENST00000671463.1	2909	213	0.8048	0.0719582041584	0.048944142252983	no
626	ENST00000671580.1	1354	177	0.643	0.0493383948432	0.019466333136611	no
627	ENST00000668596.1	753	159	0.8828	-0.270911635621	0.0043270910437316	no
628	ENST00000662755.1	686	159	0.8828	-0.270911635621	0.0043446534836921	no
629	ENST00000658188.1	1765	177	0.643	0.0493383948432	0.018995669669445	no
630	ENST00000445737.2	1499	141	0.9462	-0.429210441575	0.0014650647977756	no
631	ENST00000668873.1	1749	177	0.643	0.0493383948432	0.019013781809745	no
632	ENST00000396973.8	1830	1326	0.9733	0.398587607917	0.99999262939898	yes
633	ENST00000559837.5	756	321	0.9529	0.374909761273	0.68934124767488	yes
634	ENST00000560106.5	782	174	1.1087	0.395708192124	0.45834209687395	yes
635	ENST00000545054.6	2505	1521	1.1277	0.426432777987	0.99999952229015	yes
636	ENST00000561286.5	2012	1521	1.1277	0.426432777987	0.99999953637812	yes
637	ENST00000216780.9	2179	1923	1.05	0.419070282426	0.99999999186927	yes
638	ENST00000559584.5	666	189	0.6141	0.278800399101	0.08918010074744	no
639	ENST00000558096.5	2433	1425	1.0824	0.427470916334	0.99999846232166	yes
640	ENST00000559503.1	826	375	1.1278	0.313793590879	0.82092591787089	yes
641	ENST00000559171.1	508	198	0.8628	0.159564487907	0.097736279279844	no
642	ENST00000557969.1	525	507	0.9497	0.331411433532	0.9258616351372	yes
643	ENST00000554791.5	719	321	0.5668	-0.0736636972932	0.033069895193233	no
644	ENST00000556216.5	1827	438	0.5388	0.0324110156382	0.17286838592965	no
645	ENST00000557317.1	668	612	0.6295	0.0447064874221	0.67968585714295	yes
646	ENST00000216420.12	1962	999	0.5774	0.00539142817124	0.98827932171838	yes
647	ENST00000557755.5	622	141	0.9044	-0.200801562774	0.0060935318481963	no
648	ENST00000557512.5	901	681	0.7728	0.000648729945973	0.83801608082635	yes
649	ENST00000557184.1	616	402	0.7251	-0.00580563301063	0.1753606075986	no
650	ENST00000557429.1	2309	423	0.5992	-0.0847696583974	0.087801389130025	no
651	ENST00000556172.1	605	216	0.6562	-0.22077295919	0.0055180411716728	no
652	ENST00000622544.4	2923	753	1.1314	0.343164454359	0.99662290066191	yes
653	ENST00000254299.8	2901	753	1.1314	0.343164454359	0.99662739360175	yes
654	ENST00000491895.7	2916	753	1.1314	0.343164454359	0.99662433088034	yes
655	ENST00000536224.2	1805	642	1.2058	0.365079687635	0.99285091872382	yes
656	ENST00000555372.5	582	408	0.8281	0.246012338954	0.62364984228959	yes
657	ENST00000246166.3	2711	1314	0.9722	0.291539585449	0.99998198946071	yes
658	ENST00000555742.5	725	147	0.9097	-0.0173076119804	0.02171840653847	no
659	ENST00000554210.5	575	180	0.7343	-0.0949221239975	0.010929628899857	no
660	ENST00000554334.5	2622	582	1.0684	0.330641163371	0.9727799889653	yes
661	ENST00000555618.1	297	93	0.984	-0.322264984739	0.0021385223497037	no
662	ENST00000557300.1	530	342	1.0825	0.360315454752	0.79390851190307	yes
663	ENST00000193403.10	3779	2679	1.2999	0.687978852754	0.99999999999981	yes
664	ENST00000556083.1	4674	1467	1.2843	0.688691404559	0.999999894263	yes
665	ENST00000553882.1	2636	525	0.6203	-0.0145828178101	0.32560236675995	no
666	ENST00000394419.8	3464	2745	1.3251	0.688044849099	1	yes
667	ENST00000438964.6	3043	2664	1.2744	0.694798571349	0.99999999999977	yes
668	ENST00000538545.6	2813	2793	1.2996	0.679934072381	1	yes
669	ENST00000553290.1	619	546	1.2744	0.746036753159	0.99876872629977	yes
670	ENST00000556432.1	558	399	1.2856	0.614316142729	0.98632438622127	yes
671	ENST00000556343.1	274	165	1.261	0.263526407519	0.34803607440886	no
672	ENST00000554508.5	585	444	1.1618	0.512274808419	0.97588619132152	yes
673	ENST00000553779.5	530	255	1.2936	0.710723285989	0.96722759205977	yes
674	ENST00000556203.1	564	153	0.7014	-0.103803025639	0.0069741812384687	no
675	ENST00000653782.1	1620	204	0.5586	-0.0555362641044	0.009939431025627	no
676	ENST00000554898.1	1826	204	0.5586	-0.0555362641044	0.0098170956050834	no
677	ENST00000556182.1	553	204	0.5586	-0.0555362641044	0.010597640888388	no
678	ENST00000557409.1	538	117	0.9207	-0.028921647613	0.015326099312922	no
679	ENST00000556961.1	2294	360	0.5456	-0.00173192190419	0.066535813183024	no
680	ENST00000267620.14	2423	1470	0.7608	0.295234711307	0.99999378683535	yes
681	ENST00000342058.8	2123	1347	0.7683	0.325926976492	0.99998160513514	yes
682	ENST00000556154.5	1875	1398	0.7683	0.312766697745	0.99998861252218	yes
683	ENST00000557088.5	900	276	0.7251	0.236740703569	0.20978550552902	no
684	ENST00000554468.5	547	273	0.4791	0.17265824493	0.073560430988383	no
685	ENST00000557570.1	730	108	0.9734	-0.196564652698	0.0054158768002289	no
686	ENST00000555690.5	680	435	0.793	0.141056254591	0.49694618574817	yes
687	ENST00000304338.8	3857	2622	0.8974	0.0267291198327	0.99999999989873	yes
688	ENST00000328839.3	876	363	1.0407	0.212529789318	0.61006942376634	yes
689	ENST00000553661.5	564	171	1.0885	0.146894900552	0.13096405657083	no
690	ENST00000556470.1	589	339	1.0469	0.0756127046979	0.33649387332362	no
691	ENST00000298912.9	12749	3009	0.9415	0.279439930718	0.99999999999957	yes
692	ENST00000557215.5	515	144	1.2202	0.124690904104	0.12850888591114	no
693	ENST00000557696.5	746	144	1.2202	0.124690904104	0.12694622304556	no
694	ENST00000556454.1	3023	2079	1.1656	0.291553033513	0.9999999974426	yes
695	ENST00000556416.1	1772	228	0.817	0.208169945374	0.14209250569978	no
696	ENST00000555336.6	718	396	1.0265	0.171590342045	0.62224004242823	yes
697	ENST00000261881.9	1728	906	1.1102	0.120846467259	0.99721203038731	yes
698	ENST00000566524.5	1459	603	1.0582	0.103820989677	0.91247611870273	yes
699	ENST00000562124.5	1009	882	1.1102	0.140785129724	0.99696792055677	yes
700	ENST00000568216.5	495	423	1.2045	0.120194659001	0.73583906266006	yes
701	ENST00000561773.1	729	267	0.9269	0.220695353045	0.29213573396982	no
702	ENST00000560741.5	800	546	1.1777	0.531880098779	0.99310266534929	yes
703	ENST00000558992.1	190	21	0.6704	-0.527481224692	9.5366307974592E-5	no
704	ENST00000379224.9	540	264	1.171	0.473061359193	0.8215949452272	yes
705	ENST00000559876.1	614	465	1.137	0.513870166675	0.97933553581909	yes
706	ENST00000558942.5	2644	513	0.9784	0.281674008367	0.90227698416629	yes
707	ENST00000306072.10	1583	546	1.1777	0.531880098779	0.99276925634127	yes
708	ENST00000560573.1	2698	513	0.9784	0.281674008367	0.90198750013048	yes
709	ENST00000557824.1	5634	513	0.9784	0.281674008367	0.88505906712942	yes
710	ENST00000546338.2	481	447	0.99	0.220392183969	0.78115053694723	yes
711	ENST00000559300.5	541	156	0.9218	-0.132472283601	0.01187338836885	no
712	ENST00000561085.1	582	345	1.0212	-0.0787256356155	0.15272038117699	no
713	ENST00000332496.10	3781	2514	1.1547	0.463654775623	0.99999999999193	yes
714	ENST00000560263.1	540	99	0.9454	-0.0406784848154	0.012648308219251	no
715	ENST00000411539.6	3807	2514	1.1547	0.463654775623	0.99999999999192	yes
716	ENST00000560003.1	566	108	0.8997	-0.059496074136	0.010669854234271	no
717	ENST00000558848.1	639	276	0.7524	-0.0644049990861	0.038683335411765	no
718	ENST00000558065.1	3751	2046	1.1727	0.472334499999	0.9999999988679	yes
719	ENST00000558975.1	382	219	1.2562	-0.179147547146	0.047960768927468	no
720	ENST00000560993.1	556	426	1.104	0.410776740973	0.93437806881879	yes
721	ENST00000561252.1	504	372	1.1702	0.339043949723	0.85932350283993	yes
722	ENST00000561321.1	563	84	0.6927	-0.0785109209536	0.003815606809188	no
723	ENST00000293861.8	1087	399	1.2183	0.557738251225	0.97494346888915	yes
724	ENST00000383018.7	1085	399	1.2183	0.557738251225	0.9749464352681	yes
725	ENST00000466183.1	1130	327	1.0117	-0.0755667552377	0.12452082007191	no
726	ENST00000481947.1	1260	348	0.6236	-0.0272560632415	0.067134114711548	no
727	ENST00000574902.5	3208	1380	1.043	0.511899090797	0.99999830069963	yes
728	ENST00000396878.8	3311	1380	1.043	0.511899090797	0.9999982900389	yes
729	ENST00000576416.5	2240	1380	1.043	0.511899090797	0.99999839769828	yes
730	ENST00000574928.5	5889	615	1.0594	0.598084662265	0.99581530567114	yes
731	ENST00000576863.1	3245	615	1.0594	0.598084662265	0.99643374973105	yes
732	ENST00000572647.5	1368	906	1.0378	0.489736302735	0.99969945344638	yes
733	ENST00000574575.2	821	615	1.0594	0.598084662265	0.99692033393424	yes
734	ENST00000283429.10	1376	900	1.3156	0.550992813376	0.99991053097853	yes
735	ENST00000574733.5	1719	1008	1.2653	0.514218993909	0.99995756637725	yes
736	ENST00000571448.5	805	318	1.2908	0.397135647486	0.87761561955129	yes
737	ENST00000572232.5	659	480	1.3306	0.523860388385	0.99091625632495	yes
738	ENST00000404295.7	1233	900	1.3156	0.550992813376	0.99991130438434	yes
739	ENST00000574425.5	1240	900	1.3156	0.550992813376	0.9999112666814	yes
740	ENST00000573533.1	756	621	0.982	0.374463731	0.98415662714442	yes
741	ENST00000576176.1	672	618	1.2693	0.475522963599	0.99656952524214	yes
742	ENST00000571291.5	927	447	1.3051	0.407682486203	0.96987777976749	yes
743	ENST00000572391.1	639	174	1.1299	0.0851004337336	0.10503430526247	no
744	ENST00000573520.5	787	327	1.3094	0.533830829678	0.95388493164585	yes
745	ENST00000575002.5	562	372	1.2084	0.415538678258	0.91917839788963	yes
746	ENST00000576935.5	279	174	0.7238	0.045476708818	0.025131023205715	no
747	ENST00000575995.1	413	192	0.8229	-0.130557511664	0.013091484884447	no
748	ENST00000592120.5	2305	537	0.9914	0.355062070849	0.95383350534119	yes
749	ENST00000262376.11	6443	3405	1.09	0.275395795326	1	yes
750	ENST00000590769.5	3530	3315	0.9778	0.283102904646	1	yes
751	ENST00000396658.8	6336	3405	1.09	0.275395795326	1	yes
752	ENST00000587027.1	837	237	0.8863	0.341298658775	0.36650772370478	yes
753	ENST00000585857.1	545	315	0.8555	0.187036161288	0.30971136682062	no
754	ENST00000586716.1	937	891	0.9555	0.223661054451	0.99742228503345	yes
755	ENST00000586152.1	593	375	1.0538	0.0383942913248	0.37424847214118	yes
756	ENST00000566542.5	2398	336	0.6457	0.00173439912385	0.0711232419292	no
757	ENST00000622833.4	1049	618	0.9044	0.00199248424063	0.79831086065996	yes
758	ENST00000287706.8	1210	933	1.0173	0.0796244088034	0.99645605225556	yes
759	ENST00000565187.5	1043	618	0.9044	0.00199248424063	0.79836951226504	yes
760	ENST00000568738.1	439	180	0.9072	-0.00289018904868	0.034021437473622	no
761	ENST00000568320.5	667	438	0.9064	0.0865829820019	0.50441223005957	yes
762	ENST00000570292.1	579	216	0.6496	-0.127554179912	0.0099726617401585	no
763	ENST00000563940.1	354	48	0.7374	-0.383819874519	0.00040278504982519	no
764	ENST00000567030.5	454	87	0.9943	-0.0309792758285	0.013866152218234	no
765	ENST00000561547.5	558	312	0.6066	0.0332462481993	0.067099918778293	no
766	ENST00000566956.1	530	297	0.7291	0.0223526244282	0.077298877196271	no
767	ENST00000287461.8	3557	1503	0.91	0.381972851316	0.99999835575599	yes
768	ENST00000563304.5	1207	216	1.1586	0.00485573976214	0.10316585288675	no
769	ENST00000564262.1	715	216	1.1586	0.00485573976214	0.10596277954362	no
770	ENST00000545725.6	2247	2037	1.1406	0.367560312778	0.99999999748398	yes
771	ENST00000564324.5	1845	1194	1.2734	0.471205131432	0.99999258726415	yes
772	ENST00000563889.1	2225	2052	1.1082	0.364035518127	0.99999999757886	yes
773	ENST00000563536.1	807	447	1.2422	-0.0392426967417	0.58194523366871	yes
774	ENST00000243878.9	1565	1041	1.246	0.471496905539	0.99995854884632	yes
775	ENST00000602942.5	1253	687	1.2417	0.414251579172	0.99724365671635	yes
776	ENST00000602415.2	735	171	1.2228	0.562265189965	0.77929808647166	yes
777	ENST00000602642.1	468	312	1.2108	0.303269848706	0.74164454562201	yes
778	ENST00000602409.2	266	18	0.8035	-1.06303645679	4.067322678015E-6	no
779	ENST00000602531.1	888	78	0.83	0.114739740181	0.019037588535223	no
780	ENST00000570985.1	591	270	1.1104	0.510239400388	0.838082316617	yes
781	ENST00000574576.2	539	225	1.144	0.360323904699	0.56866829476619	yes
782	ENST00000358514.9	977	822	1.2142	0.530898591422	0.99968137552364	yes
783	ENST00000570304.1	851	753	0.9623	0.367729223282	0.99569664485909	yes
784	ENST00000575556.1	966	402	0.9438	0.0108041876587	0.31592929977809	no
785	ENST00000358896.10	1933	1482	1.1228	0.379088915874	0.99999902356435	yes
786	ENST00000564975.5	833	351	1.0992	0.223073542002	0.639661084677	yes
787	ENST00000568099.6	540	321	1.1477	0.34664589187	0.77479686892898	yes
788	ENST00000567100.5	567	243	1.2208	0.343536855884	0.64560973556744	yes
789	ENST00000565263.6	1982	1482	1.1228	0.379088915874	0.99999902065492	yes
790	ENST00000569289.5	373	186	1.0472	0.102453725962	0.1050931817698	no
791	ENST00000564781.1	540	192	0.8497	-0.0253739155947	0.027877741508243	no
792	ENST00000561965.1	1712	1221	1.0776	0.384116178857	0.99998194554775	yes
793	ENST00000565980.1	685	93	1.1881	-0.156779118184	0.01171415714973	no
794	ENST00000315467.9	1560	522	0.9541	0.209487199136	0.86211271060601	yes
795	ENST00000640150.1	840	138	0.8048	-0.157504303918	0.0056684361120969	no
796	ENST00000564386.6	975	285	1.0714	0.0978165954662	0.25680359157528	no
797	ENST00000639169.1	2537	489	1.0213	0.122171595259	0.74105978232145	yes
798	ENST00000569885.6	647	153	0.4987	0.0655375770087	0.011179927158336	no
799	ENST00000639137.1	1129	507	0.9425	0.029654166317	0.61613112841317	yes
800	ENST00000561801.2	403	84	0.8991	0.200146335581	0.044497744402929	no
801	ENST00000565644.5	3983	726	1.3895	0.608238211376	0.99962647488237	yes
802	ENST00000261622.5	4556	1524	1.3494	0.650868517268	0.99999994069424	yes
803	ENST00000263088.11	3443	2802	1.1223	0.407549337863	0.99999999999944	yes
804	ENST00000572940.5	3391	2769	1.1223	0.410709410745	0.99999999999921	yes
805	ENST00000575246.6	2278	1497	1.1064	0.389757818749	0.99999916805303	yes
806	ENST00000574268.1	596	399	1.1326	0.336790313123	0.87685672657849	yes
807	ENST00000575316.1	544	516	1.1318	0.388358195022	0.97259069347826	yes
808	ENST00000575813.5	438	117	1.1869	-0.315392659885	0.0054228081147488	no
809	ENST00000574796.1	648	234	1.2512	0.415506723149	0.74426696666497	yes
810	ENST00000576329.1	362	84	0.9665	0.00984650168841	0.016159010825113	no
811	ENST00000572199.1	578	318	0.8466	0.200226091615	0.32917578599006	no
812	ENST00000571273.5	736	228	0.5661	0.140793807013	0.048879772340719	no
813	ENST00000572127.1	632	171	1.0509	0.445749841741	0.4896131240348	yes
814	ENST00000576864.1	726	528	1.081	0.443277775934	0.97997926145622	yes
815	ENST00000575945.1	424	213	1.3314	-0.183611839616	0.054741120758547	no
816	ENST00000575369.5	2830	726	0.7313	0.140412225412	0.94296319043525	yes
817	ENST00000361842.8	3417	906	0.72	0.166331552568	0.99224336249152	yes
818	ENST00000571217.5	1609	432	0.6774	-0.0261441720203	0.1724731689438	no
819	ENST00000575147.5	557	246	0.9147	0.109842863081	0.13332603269996	no
820	ENST00000571135.5	565	387	0.5748	0.0856524597117	0.17142401472178	no
821	ENST00000572495.1	539	249	0.7326	0.0747267701211	0.066462763173592	no
822	ENST00000573518.1	661	471	0.6266	-0.00551716322748	0.24742275074561	no
823	ENST00000585124.6	1243	1035	1.297	0.433156142144	0.9999524048106	yes
824	ENST00000534871.5	1167	912	1.2928	0.423016904049	0.9998059825131	yes
825	ENST00000578549.5	939	939	1.1154	0.367058420486	0.9996390039018	yes
826	ENST00000578753.1	467	405	1.2811	0.413100609412	0.95284951110134	yes
827	ENST00000581511.5	742	684	1.2928	0.463374000928	0.99829853775146	yes
828	ENST00000580390.5	740	249	0.8825	0.131643916044	0.1409075778015	no
829	ENST00000584561.1	1010	492	1.1711	0.410572196613	0.97211678029593	yes
830	ENST00000583124.1	323	129	0.7512	0.253237198143	0.063591012452889	no
831	ENST00000360295.13	4306	2982	1.0853	0.389548691844	0.99999999999989	yes
832	ENST00000540632.6	3804	2607	1.0311	0.387874718653	0.99999999999281	yes
833	ENST00000317338.17	4206	2985	1.0853	0.384730579021	0.99999999999989	yes
834	ENST00000335960.10	4195	2985	1.0177	0.380558438911	0.99999999999986	yes
835	ENST00000535262.1	807	255	0.8674	0.10198346214	0.12023090099205	no
836	ENST00000442608.7	3805	2943	1.0853	0.387560225044	0.99999999999984	yes
837	ENST00000544224.2	807	420	0.9703	0.315630878397	0.82165285185767	yes
838	ENST00000539265.1	601	576	0.7644	-0.0761009012796	0.4983501652049	yes
839	ENST00000585644.1	575	168	0.9784	0.156837793623	0.099226741312829	no
840	ENST00000665667.1	1336	147	0.5876	-0.167726288464	0.0028719419782163	no
841	ENST00000638682.1	1504	147	0.5876	-0.167726288464	0.0028428778924666	no
842	ENST00000659685.1	1410	147	0.5876	-0.167726288464	0.002859103607951	no
843	ENST00000592381.1	1298	147	0.5876	-0.167726288464	0.0028785569765108	no
844	ENST00000225873.9	2617	1080	0.8404	0.109594202926	0.9988705717151	yes
845	ENST00000613219.4	2682	1080	0.8404	0.109594202926	0.99886611045141	yes
846	ENST00000586663.2	1604	1071	0.8404	0.112937464522	0.99885498291423	yes
847	ENST00000663186.1	1186	177	0.8283	0.151639917443	0.06589258253394	no
848	ENST00000662750.1	2882	585	0.7365	-0.115396663955	0.40253783622035	yes
849	ENST00000661340.1	1081	459	0.541	0.103814701188	0.30688127310993	no
850	ENST00000341011.11	2303	444	0.4197	-0.123855125305	0.050430583887702	no
851	ENST00000662853.1	1388	375	0.6844	0.0668674498266	0.17727071581332	no
852	ENST00000592135.5	2438	447	0.5144	0.0866865048547	0.22731413986722	no
853	ENST00000666319.1	2576	447	0.5144	0.0866865048547	0.22584576787907	no
854	ENST00000587874.5	544	114	0.6691	0.110070521542	0.016817426837305	no
855	ENST00000586231.1	2890	366	0.7176	0.111779727395	0.2103844170035	no
856	ENST00000617492.4	5805	3615	0.9819	0.0345149421836	1	yes
857	ENST00000444766.7	5878	3615	0.9819	0.0353508538146	1	yes
858	ENST00000647009.1	5837	3591	0.9549	0.0355732037913	1	yes
859	ENST00000646745.1	6226	2850	0.9497	0.024668292531	0.99999999999145	yes
860	ENST00000251334.6	4255	3591	0.9549	0.0355732037913	1	yes
861	ENST00000584967.1	663	372	0.9361	0.0256110796546	0.26797380986455	no
862	ENST00000578805.1	535	66	0.7007	-0.877073806771	1.6616834591154E-5	no
863	ENST00000646954.1	2396	999	1.01	0.0565363456464	0.99777361893698	yes
864	ENST00000583076.1	411	237	0.9939	0.103336836482	0.14749073067161	no
865	ENST00000225726.10	3283	1452	1.19	0.284544373134	0.99999778432011	yes
866	ENST00000403162.7	2195	1452	1.19	0.284544373134	0.99999792596149	yes
867	ENST00000612558.4	1586	573	1.1187	0.200007937331	0.94466087248218	yes
868	ENST00000582252.1	1719	1443	1.1666	0.259376886883	0.99999717759655	yes
869	ENST00000582331.2	693	402	1.0497	0.237460647035	0.74521517788439	yes
870	ENST00000584112.1	588	303	1.2153	0.315858364547	0.74023611101643	yes
871	ENST00000255559.7	2737	1008	1.2765	0.319038637826	0.99984191778733	yes
872	ENST00000542342.6	2752	1029	1.1855	0.30263813814	0.9998129917541	yes
873	ENST00000579988.1	910	339	1.3114	0.434638894292	0.92435531993893	yes
874	ENST00000582769.5	567	555	1.0858	0.279775051726	0.95802885877124	yes
875	ENST00000581581.1	386	165	0.7069	-0.372143094855	0.0013964642727195	no
876	ENST00000583715.5	589	369	0.7443	0.0440502243429	0.18038343826326	no
877	ENST00000584129.1	747	306	0.9106	-0.0722872923636	0.079432146653875	no
878	ENST00000579732.5	1004	684	1.0185	0.206226793961	0.97809769045012	yes
879	ENST00000580557.5	794	600	1.0364	0.273032328128	0.96773288743276	yes
880	ENST00000583146.5	532	468	1.0289	0.254636507993	0.86349783273519	yes
881	ENST00000582179.5	568	480	0.9699	0.233323146554	0.83836457837416	yes
882	ENST00000581005.1	667	174	0.7791	0.0507105454169	0.030077093489526	no
883	ENST00000579018.5	526	135	1.2005	0.0068960779938	0.054587757136391	no
884	ENST00000583507.1	558	36	1.0868	-0.0201119595697	0.011433924809549	no
885	ENST00000584516.5	5709	2283	0.8289	0.369385590182	0.9999999994285	yes
886	ENST00000619501.4	7167	4602	1.2607	0.459732347606	1	yes
887	ENST00000645453.2	9704	9339	1.129	0.447158635501	1	yes
888	ENST00000578564.5	184	45	0.7697	-0.093381995442	0.0029596170817044	no
889	ENST00000582561.2	608	501	1.1366	0.312665027681	0.94874566411037	yes
890	ENST00000581612.1	483	291	0.4603	0.100722742291	0.053719430859308	no
891	ENST00000581866.1	429	129	1.0864	-0.24705791766	0.0070615313335656	no
892	ENST00000580701.1	473	162	0.8503	-0.181271217015	0.0073962807574894	no
893	ENST00000633867.1	6323	4593	1.219	0.431549203733	1	yes
894	ENST00000584323.4	440	399	1.1149	-0.143700162021	0.22173934044752	no
895	ENST00000582012.3	365	126	1.2692	0.0446353320364	0.07767835542758	no
896	ENST00000580724.1	353	102	0.983	0.115642418569	0.040563585290257	no
897	ENST00000584723.5	493	330	1.1791	0.478176543103	0.90911186594797	yes
898	ENST00000610429.1	469	192	0.9954	0.479951247328	0.56139456982705	yes
899	ENST00000578005.4	628	324	0.9806	0.275506033484	0.56659508774402	yes
900	ENST00000577342.5	643	468	1.2628	0.370985000737	0.96580883490472	yes
901	ENST00000578960.5	553	222	1.1777	0.480161117839	0.75772325530079	yes
902	ENST00000578300.1	423	294	1.2643	0.324438064737	0.76323757610089	yes
903	ENST00000583140.5	709	198	1.1471	-0.112722969729	0.041513157553112	no
904	ENST00000580262.2	707	417	1.2353	0.499937524484	0.97209683412379	yes
905	ENST00000662723.1	2542	525	0.493	0.134960536713	0.46628781344704	yes
906	ENST00000590137.1	1812	219	0.6279	0.0179623165856	0.023028360245848	no
907	ENST00000585542.1	451	111	0.7981	-0.0610287158638	0.0080059705625695	no
908	ENST00000586627.1	864	111	0.7981	-0.0610287158638	0.0078092514547659	no
909	ENST00000586661.1	536	123	0.8497	-0.296637460731	0.0022638539785612	no
910	ENST00000592748.1	421	123	0.8497	-0.296637460731	0.0022796807930216	no
911	ENST00000450565.8	3259	531	1.119	0.398598287405	0.9732419645389	yes
912	ENST00000269200.5	564	315	1.2078	0.0333251227126	0.32947020716475	no
913	ENST00000581602.1	1912	231	1.2176	-0.0171137844801	0.11890487805985	no
914	ENST00000591735.2	1026	456	1.255	0.470892769443	0.97860837092882	yes
915	ENST00000233596.8	1360	555	1.2916	0.461641436317	0.99280482184514	yes
916	ENST00000395479.9	636	636	1.2736	0.466529444121	0.997048681691	yes
917	ENST00000395484.4	611	267	1.177	0.370134463158	0.70983795833296	yes
918	ENST00000321510.7	1535	1113	1.2814	0.421016606334	0.99997627952001	yes
919	ENST00000597558.5	1405	1113	1.2814	0.421016606334	0.99997646601406	yes
920	ENST00000458275.6	1630	729	0.5702	0.0671282134511	0.8722059211233	yes
921	ENST00000593729.5	569	342	0.957	0.437625849504	0.8118999233792	yes
922	ENST00000595856.5	553	231	0.9155	0.247893887264	0.24604662659209	no
923	ENST00000602059.1	528	75	1.0222	-0.0493133826306	0.01175137238829	no
924	ENST00000301457.3	580	342	0.957	0.437625849504	0.81179790088787	yes
925	ENST00000601258.1	547	210	0.8471	-0.100428958539	0.020609389634912	no
926	ENST00000586588.5	3094	1623	1.1882	0.529190686601	0.99999993104645	yes
927	ENST00000359526.9	5274	4899	1.0714	0.48882071678	1	yes
928	ENST00000340748.8	5408	5037	1.0714	0.481857717313	1	yes
929	ENST00000588913.5	1775	1149	1.1943	0.497242185811	0.99998703712117	yes
930	ENST00000587197.1	809	357	1.3058	0.594952435431	0.97690242979134	yes
931	ENST00000589351.5	672	402	0.7844	0.300353603952	0.65840993974238	yes
932	ENST00000587604.1	513	261	0.7609	0.356695185415	0.36345007814696	no
933	ENST00000589091.1	563	342	0.6243	0.192355875491	0.23112982868487	no
934	ENST00000591239.1	550	144	0.7331	0.116658412546	0.029317588996275	no
935	ENST00000586667.1	714	552	1.0918	0.485619135417	0.98862010136638	yes
936	ENST00000586799.1	672	498	1.0417	0.475673353212	0.97491554013078	yes
937	ENST00000589349.5	603	240	0.7315	-0.0266795850659	0.031783249371791	no
938	ENST00000588952.5	841	357	0.977	0.298425380114	0.67957904427442	yes
939	ENST00000590619.1	231	75	0.7179	-0.103853480642	0.0032361644266334	no
940	ENST00000469423.1	574	471	0.9579	-0.0310844624544	0.44151869100968	yes
941	ENST00000456935.7	3185	3036	1.2985	0.46477070761	1	yes
942	ENST00000493218.5	554	303	1.3	0.476771366216	0.91511898737124	yes
943	ENST00000466794.5	3685	1167	1.2172	0.486104629645	0.99998799843309	yes
944	ENST00000596591.1	340	138	1.0604	0.441407423253	0.40626403621915	yes
945	ENST00000595880.5	597	426	1.0898	0.3428892469	0.89665908242038	yes
946	ENST00000433513.5	560	381	1.0718	0.329585147974	0.82229409918739	yes
947	ENST00000495617.1	732	237	1.1547	0.41028798422	0.68090753937168	yes
948	ENST00000465830.1	574	288	1.1792	0.0759136855478	0.30751216849236	no
949	ENST00000462144.1	582	276	0.7174	0.0188127052501	0.058969137059694	no
950	ENST00000600281.1	583	459	1.0817	0.365074506037	0.93334876183349	yes
951	ENST00000587230.6	1304	750	1.2898	0.54157003169	0.99947984912311	yes
952	ENST00000242770.9	1099	663	1.1238	0.485240274712	0.99679305185548	yes
953	ENST00000589083.5	1241	741	1.2454	0.51773905536	0.99923168793523	yes
954	ENST00000588848.5	1164	366	1.2432	0.589126516785	0.9730186652525	yes
955	ENST00000591415.1	291	156	1.2436	0.753080478783	0.92067582561418	yes
956	ENST00000591197.1	907	195	0.6826	0.157842935279	0.054328721131985	no
957	ENST00000657925.1	4477	312	1.1358	0.219224539104	0.50514028622402	yes
958	ENST00000590606.5	722	189	1.0176	-0.164366303344	0.018247786234246	no
959	ENST00000586657.1	531	132	1.1023	0.0895444444923	0.066148933399942	no
960	ENST00000585498.1	883	132	0.9259	0.118436025502	0.045989293045013	no
961	ENST00000592022.1	1268	180	0.9005	-0.248324150161	0.0064448857160799	no
962	ENST00000670854.1	558	180	0.9005	-0.248324150161	0.0067268917695284	no
963	ENST00000585816.1	618	477	1.0246	0.164451970713	0.79047403516421	yes
964	ENST00000438807.7	1454	477	0.8186	0.244324248079	0.76081172645747	yes
965	ENST00000589503.1	2317	618	0.5195	-0.222468063659	0.19900142833296	no
966	ENST00000221943.13	1692	774	1.142	0.40748897682	0.99841747419241	yes
967	ENST00000592922.6	1622	693	1.2613	0.419342016732	0.99759727661372	yes
968	ENST00000301183.15	1134	576	0.8192	0.250146517826	0.9078154365567	yes
969	ENST00000417807.7	1065	792	1.1266	0.401609952687	0.99863144208232	yes
970	ENST00000590641.6	1026	537	1.1524	0.399316206712	0.98023604840219	yes
971	ENST00000589102.1	541	528	1.1502	0.407714137208	0.9798582207668	yes
972	ENST00000595407.1	527	447	0.8739	0.313780303464	0.82074459480824	yes
973	ENST00000597608.1	1727	129	1.0025	-0.233706959023	0.0054847703692308	no
974	ENST00000589627.1	696	393	0.5385	0.188881209837	0.27865505499615	no
975	ENST00000245932.11	2242	1143	0.9338	0.374422628613	0.99992742328329	yes
976	ENST00000588482.5	804	456	1.0926	0.318810855471	0.91070270921326	yes
977	ENST00000588463.1	655	171	0.9871	-0.111510305439	0.019403873700483	no
978	ENST00000588273.1	318	186	1.021	0.433507588844	0.49122946305124	yes
979	ENST00000587444.1	240	54	0.8403	-0.377253170781	0.0006243035068738	no
980	ENST00000475432.6	2004	1092	1.1849	0.459572356373	0.99996784754399	yes
981	ENST00000377670.8	5852	2010	1.1172	0.450374712281	0.99999999738771	yes
982	ENST00000524533.1	507	255	1.0724	-0.0511191657366	0.087961586500703	no
983	ENST00000472815.5	1709	1353	0.8692	0.354862955606	0.99998988518734	yes
984	ENST00000526506.5	539	399	1.0929	-0.0201229985506	0.37407337577555	yes
985	ENST00000600383.1	2101	1839	0.8585	0.33803908323	0.99999993746133	yes
986	ENST00000529205.1	549	315	1.3064	0.492130755946	0.93272775365498	yes
987	ENST00000600236.1	313	15	0.9524	-0.702113839982	6.7927563971412E-5	no
988	ENST00000529542.1	1031	585	0.7539	0.176238617153	0.84522952878336	yes
989	ENST00000589521.1	489	390	0.6713	0.354552463591	0.63183056752138	yes
990	ENST00000301073.4	1185	795	0.9875	0.455814133571	0.99855559425489	yes
991	ENST00000591046.1	1260	795	0.9875	0.455814133571	0.99854901115571	yes
992	ENST00000448930.5	1318	825	1.2686	0.336687323381	0.99904377535365	yes
993	ENST00000302804.12	1287	930	1.1796	0.334125688201	0.99958719558215	yes
994	ENST00000601799.5	1610	342	1.3114	0.447949555924	0.92961984991251	yes
995	ENST00000599062.5	921	921	1.212	0.334736591057	0.999599691329	yes
996	ENST00000598785.5	1125	828	1.2884	0.3348976021	0.99912996686957	yes
997	ENST00000596375.1	877	342	1.3114	0.447949555924	0.93247668245826	yes
998	ENST00000594599.1	545	336	1.069	0.197041468625	0.54052160893427	yes
999	ENST00000491381.6	3206	1122	1.2026	0.557279755325	0.9999875910126	yes
1000	ENST00000462307.5	1043	477	1.225	0.630964361454	0.99338481905113	yes
1001	ENST00000472219.5	1858	555	1.3377	0.451157812005	0.99312190403928	yes
1002	ENST00000372542.5	1824	1095	1.2026	0.56158258482	0.99998514982109	yes
1003	ENST00000372541.1	771	450	1.2636	0.645926719785	0.99301109798876	yes
1004	ENST00000344780.4	3106	555	1.3377	0.451157812005	0.99258446377327	yes
1005	ENST00000478230.5	907	411	1.3107	0.471374117652	0.97130774673189	yes
1006	ENST00000372547.5	2794	555	1.3377	0.451157812005	0.99272261005068	yes
1007	ENST00000370313.5	1421	360	1.0624	0.397682935034	0.84193837615336	yes
1008	ENST00000370316.8	1353	627	1.1551	0.436047079337	0.99398895629282	yes
1009	ENST00000470246.1	462	99	1.0406	-0.207930566561	0.005720704381127	no
1010	ENST00000370307.6	793	441	1.1509	0.339845149813	0.92292660666449	yes
1011	ENST00000486495.5	872	519	1.021	0.358615407315	0.95422216930886	yes
1012	ENST00000468643.5	1992	504	0.9636	0.0335428490071	0.61781721344653	yes
1013	ENST00000468788.5	680	285	1.0771	-0.0396392999564	0.12626732594139	no
1014	ENST00000495055.1	1597	504	0.9636	0.0335428490071	0.62346402515859	yes
1015	ENST00000461088.1	649	336	0.5736	0.100025943846	0.11497155327014	no
1016	ENST00000400577.4	1955	846	0.8185	0.0784650669842	0.98237815522497	yes
1017	ENST00000475864.1	668	504	0.9636	0.0335428490071	0.63661101963884	yes
1018	ENST00000597626.5	612	138	0.6881	-0.0473773191062	0.0082204843973754	no
1019	ENST00000610236.1	196	9	0.393	0.066504761073	0.0017654017630258	no
1020	ENST00000601471.1	538	117	0.9178	-0.253859748294	0.0034807967547945	no
1021	ENST00000427447.5	9124	453	0.6704	-0.185833206975	0.053464707494103	no
1022	ENST00000599421.1	728	396	0.6891	0.032791666135	0.18572275285756	no
1023	ENST00000400353.6	2090	183	0.7969	-0.154514786269	0.008479291474867	no
1024	ENST00000622171.1	207	0	0	0	0.00030058945715623	no
1025	ENST00000628906.2	625	135	0.5584	-0.0692993485928	0.0045942435372833	no
1026	ENST00000594752.5	489	75	0.7685	0.0614001224816	0.011033446437058	no
1027	ENST00000595747.5	796	108	0.9162	-0.275875460488	0.0026770411939879	no
1028	ENST00000608431.1	260	159	0.8465	-0.0539687538174	0.01645898654434	no
1029	ENST00000593977.1	640	192	0.7641	-0.105696367302	0.012654579331745	no
1030	ENST00000381181.1	2261	405	0.7705	0.0793368299453	0.28684530330693	no
1031	ENST00000155674.9	1735	1182	1.2395	0.422198541881	0.99998711155748	yes
1032	ENST00000336737.8	1799	1272	1.192	0.398517317221	0.99999336228311	yes
1033	ENST00000477157.5	3614	864	1.1424	0.335748951986	0.99892149157782	yes
1034	ENST00000486462.1	1591	705	1.1651	0.417201344284	0.99711108129384	yes
1035	ENST00000463033.1	643	117	0.7661	-0.0652398958314	0.0074307949179827	no
1036	ENST00000480451.1	1028	117	0.7661	-0.0652398958314	0.0072603490838809	no
1037	ENST00000216027.8	1106	708	0.8241	0.1998521873	0.96768644172993	yes
1038	ENST00000450178.5	1048	318	0.8562	0.0173926256437	0.12814745383915	no
1039	ENST00000420442.5	792	432	0.7358	0.150435863256	0.45779014771126	yes
1040	ENST00000485599.5	656	432	0.9747	0.166037318293	0.66655298052871	yes
1041	ENST00000483861.5	563	240	1.0576	0.243637821467	0.3532598840872	no
1042	ENST00000495977.1	846	240	1.0576	0.243637821467	0.34934402089211	no
1043	ENST00000493862.5	1011	432	0.9329	0.436708388429	0.91107555530688	yes
1044	ENST00000438329.5	945	642	1.1728	0.545157233378	0.99769664591347	yes
1045	ENST00000474032.1	523	417	0.832	0.200321904974	0.57848116959507	yes
1046	ENST00000359114.9	2830	642	1.1728	0.545157233378	0.99741805876478	yes
1047	ENST00000468597.5	632	483	1.1733	0.625336922574	0.99262299078215	yes
1048	ENST00000611699.1	903	642	1.1728	0.545157233378	0.99770249891598	yes
1049	ENST00000484650.1	813	432	0.9329	0.436708388429	0.91204476069287	yes
1050	ENST00000472374.6	541	177	1.1834	0.491134042145	0.67804404967294	yes
1051	ENST00000402338.5	1002	441	1.2195	0.435417219935	0.96499557350154	yes
1052	ENST00000215980.10	938	543	1.2511	0.493751022132	0.99266516709751	yes
1053	ENST00000402420.1	688	378	0.6813	0.00394907287025	0.13179656162097	no
1054	ENST00000396437.3	689	399	1.2439	0.36292822857	0.92270082626139	yes
1055	ENST00000460824.1	303	141	1.2024	0.66676407703	0.83051943908078	yes
1056	ENST00000405237.7	2647	2319	1.2162	0.464230999837	0.99999999994909	yes
1057	ENST00000312108.12	2603	2319	1.2162	0.464230999837	0.99999999994923	yes
1058	ENST00000395650.6	2662	2319	1.2162	0.464230999837	0.99999999994904	yes
1059	ENST00000360719.6	2319	2319	1.2162	0.464230999837	0.9999999999501	yes
1060	ENST00000497224.1	806	354	1.2693	-0.0993938737631	0.2715721885722	no
1061	ENST00000475238.1	572	432	0.9003	0.0228042050014	0.38184735603167	yes
1062	ENST00000423069.1	719	381	1.0944	-0.0745832960282	0.25441937562942	no
1063	ENST00000479886.1	545	99	1.2903	0.505661052577	0.58249679687241	yes
1064	ENST00000476790.1	563	297	1.1955	0.366635929878	0.77849019617398	yes
1065	ENST00000460853.1	757	387	1.1973	0.376559512122	0.90799012109868	yes
1066	ENST00000461117.1	562	330	1.1966	0.188615993898	0.60869372722941	yes
1067	ENST00000417176.1	558	375	1.1206	0.518126415663	0.94610830912471	yes
1068	ENST00000381222.8	4507	2085	1.2882	0.7419873315	0.99999999990882	yes
1069	ENST00000381223.9	4510	2085	1.2882	0.7419873315	0.99999999990881	yes
1070	ENST00000652001.1	4498	2085	1.2882	0.7419873315	0.99999999990887	yes
1071	ENST00000381218.8	2832	2085	1.2882	0.7419873315	0.99999999991764	yes
1072	ENST00000379144.7	5558	1110	0.9241	0.241263673124	0.99968512294026	yes
1073	ENST00000379145.5	5307	1056	0.9417	0.254921178587	0.99951935165099	yes
1074	ENST00000356768.8	1289	993	0.9132	0.231845879226	0.99905258501922	yes
1075	ENST00000496020.1	856	534	0.7655	0.143962575582	0.72715591811739	yes
1076	ENST00000378628.8	4493	657	0.8113	0.116839017345	0.8863576456842	yes
1077	ENST00000491253.1	650	57	0.6473	-0.311083732045	0.00053099576128157	no
1078	ENST00000543642.5	4509	657	0.8113	0.116839017345	0.88625975226259	yes
1079	ENST00000449135.6	4481	657	0.8113	0.116839017345	0.88643101754024	yes
1080	ENST00000463135.1	1663	480	1.2952	0.628965013068	0.99458905009803	yes
1081	ENST00000450772.5	933	648	1.0042	0.365664553273	0.98813067230159	yes
1082	ENST00000376701.5	1829	1509	1.0191	0.344726091272	0.99999874061667	yes
1083	ENST00000483750.5	905	879	0.9161	0.323369743913	0.99828221819831	yes
1084	ENST00000490627.1	247	102	0.6939	0.178090369477	0.025257059737473	no
1085	ENST00000474174.1	515	351	1.1017	0.10567589368	0.45659575077108	yes
1086	ENST00000665871.1	1956	90	0.8713	-0.357406140141	0.0010428212383031	no
1087	ENST00000446986.1	1874	90	0.8713	-0.357406140141	0.0010480208539294	no
1088	ENST00000395539.2	3062	417	0.8015	0.174301039715	0.47371082054034	yes
1089	ENST00000668529.1	1797	90	0.8713	-0.357406140141	0.0010529269953165	no
1090	ENST00000666209.1	1534	90	0.8713	-0.357406140141	0.0010698579973386	no
1091	ENST00000445759.1	1616	90	0.8713	-0.357406140141	0.0010645501550957	no
1092	ENST00000609227.1	555	87	0.9531	-0.190756424282	0.0042573467723827	no
1093	ENST00000649446.1	3741	2073	1.0811	0.148801472038	0.9999999904603	yes
1094	ENST00000673998.1	3817	2073	1.0811	0.148801472038	0.99999999041618	yes
1095	ENST00000673710.1	3915	2118	1.0425	0.146735614932	0.999999993217	yes
1096	ENST00000304449.7	3255	2073	1.0811	0.148801472038	0.9999999907377	yes
1097	ENST00000371527.6	3737	2073	1.0811	0.148801472038	0.99999999046262	yes
1098	ENST00000542113.3	3351	2118	1.0425	0.146735614932	0.99999999344535	yes
1099	ENST00000393721.5	2721	2307	1.242	0.578774858355	0.9999999999748	yes
1100	ENST00000370028.7	3372	2961	1.242	0.556811430217	1	yes
1101	ENST00000350060.10	3254	2841	1.242	0.582729957792	1	yes
1102	ENST00000494397.5	1752	894	1.1926	0.465944360764	0.99974800271763	yes
1103	ENST00000466928.5	840	306	0.5084	0.208674500439	0.13419198263882	no
1104	ENST00000370016.5	3095	2778	1.242	0.578826570115	0.99999999999984	yes
1105	ENST00000470209.5	2889	1758	1.1764	0.45682029909	0.99999997352225	yes
1106	ENST00000494302.5	2667	1758	1.1764	0.45682029909	0.99999997387676	yes
1107	ENST00000404127.6	3232	2406	1.263	0.549590257567	0.99999999998988	yes
1108	ENST00000467421.1	798	495	1.2272	0.637958808044	0.9949047089191	yes
1109	ENST00000461739.1	614	330	1.0083	0.384569625794	0.75782860078416	yes
1110	ENST00000422918.5	642	621	1.2737	0.603950048417	0.99859685452258	yes
1111	ENST00000463905.1	553	315	0.7959	-0.0362858190541	0.078443390159825	no
1112	ENST00000461052.5	1123	951	1.2336	0.6306322992	0.9999611771241	yes
1113	ENST00000488269.5	960	831	1.2516	0.636229777668	0.99987188687938	yes
1114	ENST00000460782.1	496	357	0.6994	-0.0391124104213	0.088830739816548	no
1115	ENST00000442262.5	625	528	1.2672	0.713371949321	0.99810229336397	yes
1116	ENST00000422091.1	570	522	1.2672	0.718113130199	0.99804416914203	yes
1117	ENST00000381222.8_PAR_Y	4507	2085	1.2882	0.7419873315	0.99999999990882	yes
1118	ENST00000381223.9_PAR_Y	4510	2085	1.2882	0.7419873315	0.99999999990881	yes
1119	ENST00000652001.1_PAR_Y	4498	2085	1.2882	0.7419873315	0.99999999990887	yes
1120	ENST00000381218.8_PAR_Y	2832	2085	1.2882	0.7419873315	0.99999999991764	yes
