Data ID	Sequence Name	RNA size	ORF size	Ficket Score	Hexamer Score	Coding Probability	Coding Label
0	ENST00000624697.4	787	474	1.2516	0.648697862393	0.99448920473714	yes
1	ENST00000624652.1	657	429	1.2516	0.706168516646	0.99391808253429	yes
2	ENST00000649529.1	637	498	1.2516	0.656344401577	0.9959885959046	yes
3	ENST00000378585.7	1914	1359	1.3245	0.66076897994	0.99999969537433	yes
4	ENST00000638604.1	2377	834	1.2569	0.0621024954052	0.99414665969122	yes
5	ENST00000638771.1	1707	1503	1.1943	0.518591940238	0.99999975593596	yes
6	ENST00000639935.1	561	474	1.2931	0.746841385926	0.99749665574209	yes
7	ENST00000640423.1	1172	1089	1.35	0.712764948217	0.99999646749453	yes
8	ENST00000639777.1	2393	1956	1.2043	0.455758570718	0.9999999972134	yes
9	ENST00000640981.1	960	906	1.1943	0.520914850809	0.99985402814014	yes
10	ENST00000638763.1	504	501	1.3306	0.745311624178	0.99832576086298	yes
11	ENST00000639070.1	2171	864	1.3029	0.601375968751	0.99989659832932	yes
12	ENST00000640892.1	2036	870	0.9876	0.333490152226	0.99848450027647	yes
13	ENST00000640688.1	1295	723	1.331	0.500494932177	0.99919812404417	yes
14	ENST00000426449.5	660	549	0.9545	0.358267634971	0.9594211686595	yes
15	ENST00000409119.5	896	582	0.9545	0.341376069989	0.96751693549815	yes
16	ENST00000355716.4	1707	852	0.8623	0.31231068696	0.99692795943685	yes
17	ENST00000475523.5	1645	600	0.9984	0.284080158989	0.964524217637	yes
18	ENST00000482074.6	957	537	0.5957	0.191330124479	0.68692476875251	yes
19	ENST00000496064.5	1480	555	0.9512	0.345587121519	0.95623099821078	yes
20	ENST00000463471.6	4255	1188	0.6244	-0.01913735212	0.99821136792827	yes
21	ENST00000471768.1	539	450	0.8537	-0.0222036167662	0.32548507954065	no
22	ENST00000463835.5	872	498	0.8359	0.144508303824	0.69314092053384	yes
23	ENST00000480305.1	494	117	1.194	-0.165818386347	0.014697954940784	no
24	ENST00000375031.5	3705	1020	1.2242	0.491797353222	0.9999445242102	yes
25	ENST00000460804.5	3063	300	0.5682	-0.107594972751	0.018624023256039	no
26	ENST00000447746.6	544	402	1.1357	0.453506961237	0.94152729337845	yes
27	ENST00000518294.5	511	393	1.1357	0.484314224003	0.9472023032309	yes
28	ENST00000517430.5	564	378	1.1357	0.489681423833	0.94031242891452	yes
29	ENST00000519434.1	524	318	0.7983	-0.0555234813472	0.072495976120937	no
30	ENST00000374332.8	4641	1893	1.1748	0.422438041983	0.9999999913709	yes
31	ENST00000263979.7	2627	1353	1.1646	0.404428236896	0.9999969523744	yes
32	ENST00000473891.1	3420	558	1.2324	0.376421024302	0.9834683857386	yes
33	ENST00000374329.1	2461	1206	1.2047	0.412982152142	0.99998768123931	yes
34	ENST00000496532.5	769	258	0.6129	0.0557339886744	0.044766761831901	no
35	ENST00000475314.5	893	552	1.1805	0.429913033429	0.98743862196711	yes
36	ENST00000487493.1	1145	306	1.165	0.306855515328	0.69600168243751	yes
37	ENST00000538789.5	1392	1116	0.7542	0.0927083323932	0.99895864463655	yes
38	ENST00000374298.4	2161	1074	0.7839	0.0940393887296	0.99844932181961	yes
39	ENST00000372584.5	12319	7218	0.7445	0.273518728393	1	yes
40	ENST00000372583.6	12617	7221	0.7445	0.273732864299	1	yes
41	ENST00000460604.1	2369	1893	0.7161	0.29500404619	0.99999992631663	yes
42	ENST00000491442.5	1731	213	0.5878	0.1148036806	0.035767761706231	no
43	ENST00000489103.5	1705	213	0.5878	0.1148036806	0.03582224788745	no
44	ENST00000479350.1	940	201	0.7582	0.0255439648244	0.031372720593102	no
45	ENST00000410048.5	500	321	1.0076	0.198311899375	0.45474216493795	yes
46	ENST00000409337.5	476	177	1.2259	0.408021380073	0.58261805965108	yes
47	ENST00000335282.5	536	405	1.2189	0.352394515664	0.91725976837517	yes
48	ENST00000410025.5	530	249	1.0175	0.239840581511	0.34152740298182	no
49	ENST00000409396.5	448	417	1.2552	0.350089817884	0.93336736843128	yes
50	ENST00000481753.1	365	81	0.6504	0.133329193455	0.013131970270693	no
51	ENST00000370473.5	2883	1779	1.2308	0.354613351261	0.99999996508946	yes
52	ENST00000484970.1	829	267	1.1389	0.171778711105	0.36633285214335	yes
53	ENST00000479889.1	566	477	1.1363	0.212065769193	0.88040449471644	yes
54	ENST00000495131.1	748	81	0.7821	-0.464304463011	0.0003800634790851	no
55	ENST00000459831.1	742	357	0.8343	0.199304866496	0.41460864282152	yes
56	ENST00000493139.1	518	192	1.2755	0.458826790856	0.7279875654992	yes
57	ENST00000469194.1	618	294	1.0775	0.381360643425	0.72062899919236	yes
58	ENST00000595518.5	738	51	0.6947	-0.25700683758	0.00082075049695577	no
59	ENST00000600340.5	692	75	0.6775	-0.00999781991084	0.00514089467155	no
60	ENST00000630257.2	824	36	0.893	-0.147625383404	0.002660352023664	no
61	ENST00000421764.1	287	54	0.7781	-0.207767113857	0.0015662405024158	no
62	ENST00000437207.1	222	30	0.5319	-0.148111348753	0.00083044511458717	no
63	ENST00000366105.2	377	219	0.4579	-0.202045873071	0.0035145445858281	no
64	ENST00000618462.4	8150	6723	1.2157	0.336328306928	1	yes
65	ENST00000617031.4	1542	603	1.2613	0.447898974303	0.99477518932443	yes
66	ENST00000621371.4	819	156	1.0689	0.0958554642579	0.078082654311063	no
67	ENST00000534536.5	647	558	1.2601	0.597397534304	0.99698219006827	yes
68	ENST00000369356.8	8307	7089	1.2481	0.329387080761	1	yes
69	ENST00000533845.1	376	150	1.2069	0.73961501637	0.89819419745378	yes
70	ENST00000369347.8	1137	522	1.2349	0.604964248821	0.99528373328116	yes
71	ENST00000612094.1	3451	366	0.854	-0.0384285941069	0.12787791962486	no
72	ENST00000479408.6	2746	2223	1.2599	0.280044896658	0.99999999957472	yes
73	ENST00000313431.13	5676	3399	1.1369	0.276057926401	1	yes
74	ENST00000529945.2	8824	3351	1.0935	0.274772449029	1	yes
75	ENST00000467859.3	1396	948	1.1917	0.225454385407	0.99932534670914	yes
76	ENST00000530130.2	927	336	1.1178	0.220882954186	0.61063629971662	yes
77	ENST00000464924.1	840	234	0.7454	0.114317494174	0.074386801035103	no
78	ENST00000460027.1	368	159	1.0445	0.193892724697	0.1372588459262	no
79	ENST00000526182.1	277	138	0.9547	0.106293136322	0.051159849745353	no
80	ENST00000469668.2	735	105	0.951	0.145529543914	0.044896967467331	no
81	ENST00000578186.2	583	312	1.04	0.569366338126	0.90617439983506	yes
82	ENST00000618193.1	1547	312	1.04	0.569366338126	0.90107810755442	yes
83	ENST00000614272.1	942	312	1.04	0.569366338126	0.90430460563787	yes
84	ENST00000621520.1	610	312	1.04	0.569366338126	0.90603492129479	yes
85	ENST00000612061.1	1694	312	1.04	0.569366338126	0.90027965685542	yes
86	ENST00000579512.2	1132	312	1.04	0.569366338126	0.9033015933642	yes
87	ENST00000447007.5	771	675	0.7235	0.0758328826745	0.87303506390727	yes
88	ENST00000369095.5	1433	1158	0.6902	0.0688237618467	0.99905086521324	yes
89	ENST00000369094.5	1179	894	0.7514	0.0677337441932	0.98668208341762	yes
90	ENST00000290363.6	2011	1158	0.6902	0.0688237618467	0.99901699694065	yes
91	ENST00000417398.5	838	714	0.7462	0.0816127954731	0.92093625183213	yes
92	ENST00000469255.5	1803	372	0.907	0.0963116398795	0.33208273521185	no
93	ENST00000368474.9	6610	3681	0.902	0.226074915463	1	yes
94	ENST00000368471.8	6519	2796	0.9506	0.273877856536	0.999999999997	yes
95	ENST00000649042.1	6263	2796	0.9506	0.273877856536	0.99999999999704	yes
96	ENST00000649749.1	6412	2796	0.9506	0.273877856536	0.99999999999702	yes
97	ENST00000649724.1	6425	3711	0.8557	0.22943493954	1	yes
98	ENST00000649021.1	7112	2964	0.8288	0.204537585994	0.99999999999883	yes
99	ENST00000529168.2	6343	3603	0.902	0.232155583428	1	yes
100	ENST00000649408.1	1797	1086	0.6359	0.142974959485	0.99846461648806	yes
101	ENST00000534279.1	849	387	0.635	-0.0555761866967	0.088175221309517	no
102	ENST00000463920.5	2347	720	0.9252	0.244658782719	0.98316462660305	yes
103	ENST00000368086.5	2366	1842	0.9788	0.419486863784	0.99999997537631	yes
104	ENST00000314485.12	2270	1842	0.9788	0.419486863784	0.99999997551943	yes
105	ENST00000614243.4	2191	1842	0.9788	0.419486863784	0.99999997563657	yes
106	ENST00000448417.1	1059	903	1.113	0.477479501221	0.99973914478765	yes
107	ENST00000460351.1	876	786	1.026	0.465024621033	0.99869708258445	yes
108	ENST00000479505.5	450	144	0.7717	-0.0220801244884	0.013539999604008	no
109	ENST00000209884.5	3414	1830	0.8763	0.159070871161	0.99999976989972	yes
110	ENST00000483154.5	921	753	0.74	0.136196618515	0.96130790086676	yes
111	ENST00000318130.13	6837	2799	1.0346	0.124572104302	0.9999999999939	yes
112	ENST00000367512.7	6678	2847	1.0037	0.117122604065	0.99999999999584	yes
113	ENST00000439962.1	2872	1056	1.1291	0.213804553163	0.99969808857388	yes
114	ENST00000466606.1	487	435	0.8756	-0.0135509804743	0.31826475060656	no
115	ENST00000367240.6	6434	3561	1.213	0.589667876633	1	yes
116	ENST00000295706.8	6395	4050	1.2382	0.549500228151	1	yes
117	ENST00000601609.1	558	318	1.165	-0.173530068374	0.10174273290236	no
118	ENST00000600426.5	2967	2745	1.213	0.572821472178	0.99999999999974	yes
119	ENST00000272198.10	5045	2106	1.2257	0.501846163904	0.999999999554	yes
120	ENST00000599966.5	3178	2079	1.2257	0.501148001077	0.99999999946435	yes
121	ENST00000600447.1	385	306	1.2634	0.658112839511	0.97076740267242	yes
122	ENST00000599514.1	573	537	1.0676	0.492187317155	0.98632178785534	yes
123	ENST00000594656.1	560	228	1.2898	0.624585258761	0.92487105636569	yes
124	ENST00000486360.1	4547	819	0.513	0.121122860323	0.94751515758021	yes
125	ENST00000597023.1	496	330	1.245	0.460006597133	0.91604196195139	yes
126	ENST00000594572.1	576	123	1.176	0.00603105601923	0.044477421639191	no
127	ENST00000367201.7	2431	1185	1.1934	0.430459933575	0.99998575432666	yes
128	ENST00000367202.9	2475	1161	1.297	0.510651019127	0.99999212535581	yes
129	ENST00000367197.5	843	207	1.3189	0.451702203918	0.77139394978002	yes
130	ENST00000422072.5	671	207	1.3189	0.451702203918	0.77323040595658	yes
131	ENST00000422699.5	653	570	1.2235	0.433859573512	0.9912925530503	yes
132	ENST00000444817.1	443	315	1.2126	0.498943808163	0.91575884565327	yes
133	ENST00000638378.1	4447	3123	1.1781	0.486421975168	1	yes
134	ENST00000636809.2	3733	2031	1.0456	0.500535860057	0.99999999835408	yes
135	ENST00000532366.2	1539	585	1.1503	0.381879816931	0.98621135442502	yes
136	ENST00000331830.7	7916	3123	1.1781	0.486421975168	1	yes
137	ENST00000638928.1	1548	474	1.0205	0.398550440005	0.94112297755859	yes
138	ENST00000636312.2	7112	2928	1.0302	0.426682627217	0.99999999999979	yes
139	ENST00000525433.2	4065	1755	1.0441	0.456134642232	0.99999995528308	yes
140	ENST00000638577.1	2840	1311	0.8386	0.358358207849	0.99998164645413	yes
141	ENST00000640714.1	633	279	1.2118	0.350907698835	0.73211853479432	yes
142	ENST00000367033.4	11508	5730	1.2654	0.529891005231	1	yes
143	ENST00000483048.1	2860	534	0.6319	0.0630333940888	0.47613438168972	yes
144	ENST00000480053.1	361	108	0.6814	0.120218843023	0.017697289448862	no
145	ENST00000463510.1	498	270	1.3095	0.704224957633	0.97224029176021	yes
146	ENST00000486969.1	939	177	0.8806	-0.0717647410077	0.01894178002616	no
147	ENST00000366687.5	5089	813	0.8464	0.339419811779	0.99495530248262	yes
148	ENST00000366686.1	4399	471	0.807	0.121100653236	0.51585084318502	yes
149	ENST00000315872.11	8345	4167	1.085	0.177017425551	1	yes
150	ENST00000616279.4	6401	4167	1.085	0.175567333359	1	yes
151	ENST00000493096.1	461	294	0.7395	0.0492122136657	0.091300675926673	no
152	ENST00000460262.1	597	183	0.4572	-0.0916593703741	0.0048530568909755	no
153	ENST00000484951.1	895	81	0.9822	-0.0458330656588	0.011073366659075	no
154	ENST00000459892.5	4012	2028	1.0784	0.330199150878	0.99999999519692	yes
155	ENST00000651242.1	4452	3015	1.1535	0.309941639489	0.9999999999999	yes
156	ENST00000333478.10	3896	2622	1.0497	0.322602636648	0.99999999999108	yes
157	ENST00000421160.6	3353	2994	1.0288	0.29800614721	0.99999999999981	yes
158	ENST00000487878.1	606	528	0.7347	0.140530855074	0.69234812757868	yes
159	ENST00000433584.1	575	282	0.9988	0.117973672305	0.23761207606315	no
160	ENST00000481960.1	256	33	1.1264	-0.413894706107	0.00095840834977674	no
161	ENST00000340556.11	739	240	1.0109	-0.0738788650869	0.05424135794599	no
162	ENST00000410014.5	750	240	1.0109	-0.0738788650869	0.054207105186757	no
163	ENST00000644631.2	706	240	1.0109	-0.0738788650869	0.054344238676859	no
164	ENST00000409665.5	648	240	1.0109	-0.0738788650869	0.054525505184766	no
165	ENST00000602599.1	6366	852	0.9669	0.127822870435	0.99014649523101	yes
166	ENST00000316752.11	4025	1590	0.891	0.0804915956094	0.99999486906364	yes
167	ENST00000407787.5	1820	1590	0.891	0.0804915956094	0.99999551201226	yes
168	ENST00000430495.5	658	189	0.6655	-0.00733712296154	0.017108666518611	no
169	ENST00000421319.5	571	360	0.8456	0.0317063190085	0.20210585444416	no
170	ENST00000398658.2	1227	198	0.373	-0.257242034211	0.0014178959417516	no
171	ENST00000456685.5	1207	408	0.8951	-0.0914978847028	0.17497608241658	no
172	ENST00000437551.6	2402	255	0.6391	-0.104988549006	0.015203323173233	no
173	ENST00000653055.1	8119	444	0.6312	-0.0300830738725	0.11868921939791	no
174	ENST00000669027.1	7831	384	0.6458	-0.11706463248	0.040522364960835	no
175	ENST00000662286.1	1558	291	0.4691	-0.175849598104	0.0087280909084332	no
176	ENST00000617278.2	4821	450	0.4367	-0.295907209108	0.016206847849889	no
177	ENST00000422956.6	11799	444	0.6312	-0.0300830738725	0.097233725617418	no
178	ENST00000333145.9	2319	444	0.6312	-0.0300830738725	0.16073973932602	no
179	ENST00000624706.3	434	258	0.6854	0.0076297240465	0.041888080054591	no
180	ENST00000553869.7	461	222	0.7907	-0.0934397974881	0.02068828820987	no
181	ENST00000436293.6	2687	444	0.6312	-0.0300830738725	0.1577482233911	no
182	ENST00000555766.1	1499	306	0.6921	-0.172646213221	0.020941080646794	no
183	ENST00000613966.1	3231	342	0.6322	-0.228722420508	0.015996398757914	no
184	ENST00000510859.5	2313	444	0.6312	-0.0300830738725	0.16078889188656	no
185	ENST00000609210.5	1328	171	0.8137	0.0118261098506	0.024267660570476	no
186	ENST00000665025.1	1739	171	0.8137	0.0118261098506	0.023683712994337	no
187	ENST00000669120.1	895	162	0.6278	-0.256475449395	0.0021923339091907	no
188	ENST00000661786.1	480	189	0.695	-0.0289087233421	0.016466182084203	no
189	ENST00000449075.2	582	162	0.6278	-0.256475449395	0.0022343034586164	no
190	ENST00000449819.1	458	162	0.6278	-0.256475449395	0.0022511512248697	no
191	ENST00000472720.5	532	153	0.9709	-0.0911312527242	0.017529623987735	no
192	ENST00000409968.6	6112	4821	0.6612	0.0452316098076	1	yes
193	ENST00000413152.3	5846	4734	0.6612	0.0486715456533	1	yes
194	ENST00000539935.6	8378	1563	0.7401	0.158798140884	0.9999914270343	yes
195	ENST00000637547.1	7658	924	0.6839	0.190028292682	0.99208896827328	yes
196	ENST00000635738.1	7854	543	0.8365	0.230561575886	0.80961050382917	yes
197	ENST00000637217.1	8188	1422	0.7965	0.140450451606	0.99996320247442	yes
198	ENST00000637309.1	7409	771	0.6494	0.238593531706	0.96785226132917	yes
199	ENST00000636350.1	7654	1359	0.7354	0.127990673374	0.99990739660859	yes
200	ENST00000636598.1	7808	1422	0.7965	0.140450451606	0.99996404175521	yes
201	ENST00000636831.1	8595	846	0.7736	0.0867081311909	0.97155752026623	yes
202	ENST00000638005.1	4615	1509	0.6931	0.150385077831	0.99998501314951	yes
203	ENST00000637942.1	4020	444	0.837	0.164766995422	0.54415584588634	yes
204	ENST00000637312.1	3485	909	0.7736	0.0979154621259	0.99001286914142	yes
205	ENST00000635904.1	2444	981	0.6101	0.0335636078514	0.98900741840648	yes
206	ENST00000637007.1	858	492	0.789	0.176131944967	0.69259100488223	yes
207	ENST00000637828.1	1831	1182	0.9586	0.12662931024	0.99977947584336	yes
208	ENST00000637773.1	3174	717	1.0155	0.092386152001	0.96313713462927	yes
209	ENST00000636390.1	558	132	1.0454	-0.0195037875929	0.027982078099535	no
210	ENST00000636834.1	4589	474	0.796	0.173120621184	0.59705781339452	yes
211	ENST00000636947.1	5575	924	0.7161	0.096768999594	0.98838141239297	yes
212	ENST00000637479.1	4858	402	0.4085	-0.304931554813	0.0083643655535228	no
213	ENST00000667756.1	1539	414	0.5856	-0.186070794326	0.042987856243231	no
214	ENST00000436557.5	689	69	0.89	-0.452665434725	0.00050771254135299	no
215	ENST00000429929.1	440	63	0.6202	-0.120894056522	0.0018475718669178	no
216	ENST00000432036.5	546	342	0.9004	0.0916991265421	0.26933514548528	no
217	ENST00000392328.6	4796	2376	0.9644	0.191441133809	0.99999999958159	yes
218	ENST00000445546.1	551	468	0.7827	0.0351976230986	0.40639578407936	yes
219	ENST00000281416.11	4608	2376	0.9644	0.191441133809	0.99999999958633	yes
220	ENST00000434582.5	2902	594	1.0111	0.205528280696	0.93600760746872	yes
221	ENST00000486123.1	604	342	0.7537	0.0809065594254	0.17745271610391	no
222	ENST00000424317.5	2798	2052	1.0348	0.122826342736	0.99999998447858	yes
223	ENST00000282272.15	6087	2982	1.143	0.185595870463	0.99999999999962	yes
224	ENST00000647377.1	7218	3171	1.143	0.186084996214	1	yes
225	ENST00000486006.1	187	72	0.7386	-0.115143795775	0.0031119348412098	no
226	ENST00000328737.6	3686	2760	1.143	0.178107188731	0.99999999999616	yes
227	ENST00000409153.5	2724	1740	1.1359	0.185401733566	0.99999978294029	yes
228	ENST00000477852.1	410	78	0.9709	-0.162307198159	0.0049688658525844	no
229	ENST00000473081.1	289	276	0.895	0.108607268346	0.16780048257964	no
230	ENST00000409919.5	1622	1104	1.1676	0.295030412369	0.99991366497292	yes
231	ENST00000463879.1	3058	282	1.1236	0.316967752802	0.59613429143594	yes
232	ENST00000494263.5	2566	1188	1.2297	0.473302847605	0.99999065072239	yes
233	ENST00000258415.9	1895	1596	1.2621	0.458763737466	0.99999989165212	yes
234	ENST00000466602.1	1210	558	0.8884	0.132121737832	0.82144876172483	yes
235	ENST00000411688.1	799	663	1.3142	0.535454150101	0.9987547851147	yes
236	ENST00000456398.5	1235	330	0.639	-0.0765333906374	0.043040213515716	no
237	ENST00000444990.5	557	291	0.5565	-0.0828567244051	0.022246439270309	no
238	ENST00000622435.4	555	177	0.8356	-0.138739457544	0.010905412112807	no
239	ENST00000431796.5	565	447	0.6747	0.0491182391051	0.29855225068603	no
240	ENST00000614114.4	957	264	0.5625	-0.109252966542	0.01399851226078	no
241	ENST00000416103.2	412	330	0.639	-0.0765333906374	0.045146070249867	no
242	ENST00000433444.1	480	258	1.0294	0.0704289803382	0.16283333140039	no
243	ENST00000654635.1	4540	348	0.6596	-0.00128893463309	0.072684276248768	no
244	ENST00000441861.5	2683	276	0.5558	-0.0371058172224	0.022434398226681	no
245	ENST00000659617.1	1968	348	0.6596	-0.00128893463309	0.083938359803195	no
246	ENST00000446281.5	932	213	0.4949	-0.0809338855762	0.0079231979017201	no
247	ENST00000452802.6	2519	348	0.6596	-0.00128893463309	0.081401394337427	no
248	ENST00000420095.2	2621	348	0.6596	-0.00128893463309	0.080939488701085	no
249	ENST00000656911.1	2207	348	0.6596	-0.00128893463309	0.082829229643028	no
250	ENST00000455811.2	524	15	1.0255	-0.796751340211	4.5172591431472E-5	no
251	ENST00000458666.1	581	273	0.5882	-0.19051153533	0.010047543019833	no
252	ENST00000295901.8	1430	1170	1.1582	0.258182840347	0.99994508118678	yes
253	ENST00000467853.5	4583	501	0.5064	-0.158034563898	0.082349546386005	no
254	ENST00000476464.5	2052	1032	0.9763	0.171082271963	0.99920249264368	yes
255	ENST00000492933.5	1495	1329	1.0348	0.22757090297	0.9999821748219	yes
256	ENST00000482510.5	1176	1053	0.973	0.201982414726	0.99950333833063	yes
257	ENST00000497315.5	701	423	0.8169	0.0583395901155	0.35108562840105	no
258	ENST00000263666.9	4251	3201	1.2054	0.607865857214	1	yes
259	ENST00000494559.5	2080	1131	1.2712	0.620119672247	0.99999440250978	yes
260	ENST00000462146.6	2927	2367	1.2667	0.593959715045	0.99999999998883	yes
261	ENST00000466780.5	2737	2172	1.2588	0.64418686124	0.99999999993313	yes
262	ENST00000479530.5	2778	2352	1.2744	0.613327205399	0.99999999998882	yes
263	ENST00000478209.1	757	561	1.255	0.796022787944	0.99919297341944	yes
264	ENST00000466348.5	645	444	1.2546	0.61234800705	0.99052163141598	yes
265	ENST00000484487.1	406	270	1.2558	0.589522293634	0.93311552991316	yes
266	ENST00000481631.1	632	195	0.9795	0.0376298644537	0.06291440592484	no
267	ENST00000394221.3	3733	564	0.9993	0.111505568449	0.83891760558919	yes
268	ENST00000314636.2	3927	564	0.9993	0.111505568449	0.83731943676433	yes
269	ENST00000619045.1	1802	564	0.9993	0.111505568449	0.85413951835013	yes
270	ENST00000539563.5	8821	558	0.9613	0.32816613634	0.93005187763514	yes
271	ENST00000490035.7	9416	1017	1.0044	0.331284074852	0.99953356626016	yes
272	ENST00000333617.8	1561	627	1.0303	0.312351729252	0.97989920719035	yes
273	ENST00000475403.2	477	90	0.5709	-0.260616326123	0.00084125674432859	no
274	ENST00000474851.1	772	615	0.9818	0.199053491988	0.94806483017547	yes
275	ENST00000357599.8	4855	3456	0.9599	0.397210647296	1	yes
276	ENST00000648990.1	4805	3279	0.9566	0.425106519314	1	yes
277	ENST00000451055.6	4579	3618	0.9599	0.385881848004	1	yes
278	ENST00000195173.8	4523	3174	1.0523	0.445290239756	1	yes
279	ENST00000451541.5	1542	390	1.2136	0.363012866012	0.90342571177738	yes
280	ENST00000475244.5	4733	3285	0.9797	0.382555108422	1	yes
281	ENST00000650207.1	4791	3354	0.9566	0.419141005766	1	yes
282	ENST00000649167.1	3309	966	1.1604	0.457042269792	0.999850758658	yes
283	ENST00000482061.6	1926	756	0.7301	-0.0917784877619	0.83858984426265	yes
284	ENST00000340171.7	1811	885	0.6459	0.00953534266873	0.96934516774535	yes
285	ENST00000534941.2	1804	885	0.6459	0.00953534266873	0.96935779503381	yes
286	ENST00000465810.1	733	216	1.1347	0.307769396336	0.44797070217308	yes
287	ENST00000486435.1	864	486	0.9842	-0.0871673758871	0.40658884066806	yes
288	ENST00000463542.1	516	156	0.9919	-0.0669301270597	0.022598727136488	no
289	ENST00000487031.5	592	138	0.8435	0.0839429082987	0.031178158488621	no
290	ENST00000169298.8	4604	1221	1.0972	0.298468546022	0.99996438116447	yes
291	ENST00000417392.5	707	339	1.1722	0.209409141483	0.64358257022602	yes
292	ENST00000448044.5	4302	1221	1.0972	0.298468546022	0.99996502833247	yes
293	ENST00000448449.1	1055	495	0.7345	0.146230400884	0.61398026152559	yes
294	ENST00000072516.7	4697	1713	0.9791	0.16943714966	0.99999940417394	yes
295	ENST00000447382.6	4745	1713	0.9791	0.16943714966	0.99999940243488	yes
296	ENST00000465496.1	646	198	0.5356	-0.0840334488551	0.0076345858404143	no
297	ENST00000422485.5	2048	1071	0.9302	0.110526301019	0.9990984190379	yes
298	ENST00000434491.5	1565	648	0.9475	0.051231255711	0.89371900574182	yes
299	ENST00000422940.5	1957	1071	0.9302	0.110526301019	0.99910338243	yes
300	ENST00000342550.6	4490	1041	0.7772	0.0443949361272	0.99639019727718	yes
301	ENST00000476929.1	315	78	0.6708	-0.00161812436757	0.0056200846479173	no
302	ENST00000482913.1	483	72	0.407	-0.174447137359	0.00073069383672151	no
303	ENST00000453359.5	523	438	0.7573	0.195883719209	0.56944332344107	yes
304	ENST00000602641.5	632	216	0.9361	0.0446597190333	0.071498171651167	no
305	ENST00000602543.1	594	174	1.088	0.163571031865	0.14762947322051	no
306	ENST00000358105.7	895	702	1.047	0.251489403011	0.98773464967535	yes
307	ENST00000512931.5	729	543	0.8897	0.231138388016	0.88605479474478	yes
308	ENST00000514249.5	777	261	1.0348	0.415153471729	0.66152507760694	yes
309	ENST00000502497.5	492	405	1.0568	0.365358578906	0.87917497425899	yes
310	ENST00000513920.5	3349	471	0.9744	0.256202506931	0.82421139568138	yes
311	ENST00000508675.1	753	753	1.1014	0.251839238964	0.99407060436725	yes
312	ENST00000503883.1	429	87	1.2121	-0.366141185998	0.0030444210898618	no
313	ENST00000508314.1	268	15	0.4152	-0.653080875684	1.741106211998E-5	no
314	ENST00000621014.1	228	54	1.1111	-0.202534412138	0.0046182587059261	no
315	ENST00000358290.9	1782	903	0.9966	0.0594792589204	0.99382981021045	yes
316	ENST00000507518.5	843	429	1.0792	-0.0210081401778	0.4359100492329	yes
317	ENST00000512344.5	641	165	1.0615	-0.100179503902	0.024647204400696	no
318	ENST00000507286.1	851	771	0.9777	0.0736277516645	0.97691585015217	yes
319	ENST00000513854.1	569	330	1.0249	-0.0546656261099	0.15390086393874	no
320	ENST00000505073.5	2684	1992	0.8016	-0.0288979795512	0.99999983292284	yes
321	ENST00000509176.5	5847	2703	0.8212	0.0254029050337	0.99999999993899	yes
322	ENST00000432775.6	3927	2034	0.8171	-0.0115112438918	0.99999990284159	yes
323	ENST00000508550.5	716	252	1.1575	0.0942187274956	0.23922355139234	no
324	ENST00000514352.5	493	327	0.9891	0.0863550742027	0.28627429244598	no
325	ENST00000502478.1	744	156	0.6257	-0.239928817779	0.0022974730976983	no
326	ENST00000513522.5	605	444	0.9442	0.0962049169818	0.56674381524018	yes
327	ENST00000504150.1	619	177	0.6959	-0.10049354238	0.0090326949593981	no
328	ENST00000509109.5	1070	282	1.0191	0.152308252986	0.28794250154812	no
329	ENST00000649522.1	3433	522	0.6404	0.101536950732	0.5052141337926	yes
330	ENST00000515059.6	5580	1509	0.6544	0.0997747915618	0.99997493426329	yes
331	ENST00000506363.5	731	375	0.8922	0.0398863695574	0.26496883905593	no
332	ENST00000440890.7	5397	1599	0.6962	0.0896212288751	0.99999121487922	yes
333	ENST00000264568.8	1807	1509	0.6544	0.0997747915618	0.99998006621695	yes
334	ENST00000394931.1	1922	1509	0.6544	0.0997747915618	0.9999799265424	yes
335	ENST00000302327.4	2458	843	0.7388	0.220111978857	0.99045988081028	yes
336	ENST00000412117.1	599	414	1.103	0.24074789919	0.80184589591131	yes
337	ENST00000513310.5	573	210	1.2759	0.169948757553	0.32512045149222	no
338	ENST00000510218.1	564	201	1.1961	0.381918074909	0.57973642948375	yes
339	ENST00000511733.1	3094	2613	1.0113	0.386031095493	0.99999999999305	yes
340	ENST00000515510.1	612	105	1.0179	-0.0432018781542	0.016530597145294	no
341	ENST00000504720.5	853	702	0.9264	0.344507717335	0.99030512054157	yes
342	ENST00000511888.1	558	141	0.8659	0.351542401194	0.17297728860384	no
343	ENST00000515200.5	3109	1233	0.8214	0.0794887589451	0.99971156770356	yes
344	ENST00000542322.5	2977	1323	0.7257	0.0416053927362	0.99981240183898	yes
345	ENST00000544396.5	2822	987	0.8619	0.0532837777141	0.99577602037509	yes
346	ENST00000514932.5	632	333	0.8802	0.207625368811	0.40164977080579	yes
347	ENST00000285689.8	2905	1299	0.8076	0.096107575855	0.99986937974734	yes
348	ENST00000513978.5	1847	1323	0.7257	0.0416053927362	0.99982483949473	yes
349	ENST00000502348.5	1363	972	0.8619	0.043419605894	0.99515055593959	yes
350	ENST00000511134.1	1577	1251	0.8126	0.0875975336453	0.99978917714403	yes
351	ENST00000504859.5	604	555	0.7418	-0.0362416313451	0.48958492899674	yes
352	ENST00000503702.1	375	105	0.4843	-0.0340590714894	0.0033760609457005	no
353	ENST00000245414.9	3554	978	1.0174	0.418452027696	0.99973101113825	yes
354	ENST00000472045.1	5153	420	0.6805	0.185505944694	0.37613695128712	yes
355	ENST00000405885.6	2061	978	1.0174	0.418452027696	0.9997543173878	yes
356	ENST00000613424.4	821	606	0.849	0.382845766801	0.97341268938773	yes
357	ENST00000437654.5	832	594	1.0516	0.459630642594	0.9901802718034	yes
358	ENST00000493208.1	1023	165	1.2092	0.0114039765584	0.075820349906562	no
359	ENST00000361059.7	3970	2544	1.0508	0.101215370689	0.9999999999105	yes
360	ENST00000504203.5	2243	1530	1.1136	0.158078827603	0.99999737750195	yes
361	ENST00000502929.5	4373	2688	1.1335	0.110677079923	0.99999999998599	yes
362	ENST00000394800.6	5513	2688	1.1335	0.110677079923	0.99999999998499	yes
363	ENST00000505016.2	664	144	0.8706	-0.12468485527	0.0093020793690241	no
364	ENST00000356878.5	2922	2370	1.2106	0.430883283796	0.99999999996217	yes
365	ENST00000525929.2	5339	2814	1.1529	0.416340084178	0.99999999999952	yes
366	ENST00000292599.4	5748	3051	1.1141	0.318102353458	1	yes
367	ENST00000507385.1	392	264	1.1638	0.242332626871	0.49754518819086	yes
368	ENST00000511027.1	890	549	0.833	0.216967831334	0.86229058140257	yes
369	ENST00000377777.5	496	381	1.1919	0.693470359504	0.98681933452214	yes
370	ENST00000289316.2	789	381	1.1919	0.693470359504	0.98658591882206	yes
371	ENST00000494393.5	671	411	0.9794	0.257274971066	0.74684174122046	yes
372	ENST00000474790.5	587	96	0.6853	-0.103420460831	0.0035962387599448	no
373	ENST00000487627.5	626	300	1.0032	0.366815057325	0.6642930207498	yes
374	ENST00000496719.1	1002	711	1.0585	0.270410995579	0.99043946865688	yes
375	ENST00000244519.7	2970	1755	1.0447	0.236054209844	0.99999982141769	yes
376	ENST00000480110.5	4547	798	1.1392	0.198938140825	0.9942198848791	yes
377	ENST00000467524.1	562	96	0.6853	-0.103420460831	0.0036016821878643	no
378	ENST00000477388.1	560	111	0.7282	0.0513565712289	0.013337450207722	no
379	ENST00000482052.5	1765	660	0.9414	0.17567454824	0.95475514747826	yes
380	ENST00000463348.5	4587	648	0.891	0.217565854287	0.94616579912295	yes
381	ENST00000420110.1	1011	639	1.1345	0.462518285524	0.99536135831999	yes
382	ENST00000376511.7	4511	2823	0.9686	0.274805797649	0.99999999999814	yes
383	ENST00000476704.1	559	129	0.9892	-0.00161134158944	0.025611976337842	no
384	ENST00000468181.1	333	93	0.9125	-0.50256242357	0.00051918064648377	no
385	ENST00000484449.1	605	51	0.8944	-0.345268372869	0.00086519578333534	no
386	ENST00000259874.6	1237	471	1.2334	0.384319956784	0.96554494284346	yes
387	ENST00000376377.2	1350	417	0.8592	0.227862925633	0.63032855592006	yes
388	ENST00000640615.1	240	108	1.2634	-0.247321574822	0.0098811929580903	no
389	ENST00000481849.5	753	213	0.7336	-0.112326575833	0.013701933081296	no
390	ENST00000497377.5	917	126	1.0182	0.0131928687631	0.029196898097666	no
391	ENST00000412585.7	1536	1089	1.0501	0.485997482677	0.99995858832008	yes
392	ENST00000640094.1	147	63	1.0076	-0.161811603662	0.0048341360978213	no
393	ENST00000463574.1	588	159	0.9973	0.060518904975	0.053126071267269	no
394	ENST00000498007.1	1087	456	1.1537	0.601229121454	0.98740384277662	yes
395	ENST00000474381.1	1139	348	0.7501	0.522593121004	0.80275226341699	yes
396	ENST00000538442.5	2411	1056	1.012	0.269993069598	0.99970731631193	yes
397	ENST00000252229.7	2416	1152	0.9707	0.277221945857	0.99988741725565	yes
398	ENST00000494577.1	907	537	0.9766	0.263648944757	0.92151185101813	yes
399	ENST00000435363.7	5427	5235	1.1278	0.431365204184	1	yes
400	ENST00000490071.1	508	99	1.1595	0.421118734461	0.34663228513584	no
401	ENST00000485543.1	405	294	0.9757	0.36366252537	0.62803945682035	yes
402	ENST00000647698.1	3993	3663	1.1602	0.477406519404	1	yes
403	ENST00000648821.1	3866	1581	1.2269	0.438305718827	0.99999981638001	yes
404	ENST00000474912.1	566	339	0.7335	0.304728105789	0.46268780717502	yes
405	ENST00000649658.1	623	417	1.1823	0.490271417373	0.96529239389075	yes
406	ENST00000486992.5	554	420	1.2976	0.632058839847	0.99062702968178	yes
407	ENST00000485263.5	628	438	1.2718	0.594027529927	0.98921188139662	yes
408	ENST00000478388.1	583	438	1.0976	0.460771864478	0.95664680173042	yes
409	ENST00000468936.5	1242	567	0.9903	0.415348456186	0.97836797255652	yes
410	ENST00000496065.1	974	300	0.7912	0.129700094858	0.17217668660386	no
411	ENST00000473957.2	303	138	0.8917	0.0172396514466	0.023944565174126	no
412	ENST00000428388.6	2878	906	1.1777	0.327010153629	0.99937870954603	yes
413	ENST00000585246.5	1051	441	0.9184	0.370185322086	0.87401578202183	yes
414	ENST00000422437.5	4181	906	1.1777	0.327010153629	0.99932759301012	yes
415	ENST00000583227.5	1540	537	0.9004	0.28901245604	0.91314682958687	yes
416	ENST00000479001.2	944	216	0.8384	-0.263245380726	0.0072265487311633	no
417	ENST00000421600.2	999	183	0.9382	0.321118397924	0.24767190777283	no
418	ENST00000480785.5	657	198	0.5556	-0.237604031729	0.0029612639534355	no
419	ENST00000395305.7	777	501	1.0198	0.281561115158	0.91179384197076	yes
420	ENST00000477541.1	1735	483	0.8546	0.266561227033	0.81227669270987	yes
421	ENST00000374843.9	1093	786	1.0841	0.294275474866	0.99661109799341	yes
422	ENST00000464392.1	806	321	0.9376	0.329459095341	0.60965158387034	yes
423	ENST00000456800.1	871	723	1.1417	0.322371979906	0.9954255322494	yes
424	ENST00000422832.1	611	507	0.9712	0.256217667498	0.88999194936523	yes
425	ENST00000475627.1	984	567	0.7138	0.138494240039	0.75597005747806	yes
426	ENST00000434618.7	3450	1347	0.9956	0.289824456746	0.99998761048708	yes
427	ENST00000475304.5	1686	1401	1.1025	0.279521500997	0.99999525035716	yes
428	ENST00000426633.6	1888	1515	0.947	0.238733922359	0.99999700879807	yes
429	ENST00000480730.5	2202	900	1.0315	0.287724201132	0.99869536843905	yes
430	ENST00000456592.3	817	471	1.0803	0.281320792323	0.90002110712303	yes
431	ENST00000259746.13	3318	2499	1.3062	0.538471649495	0.9999999999965	yes
432	ENST00000532634.5	828	678	1.191	0.516636728297	0.99823226359191	yes
433	ENST00000323267.11	3284	2499	1.3062	0.538471649495	0.99999999999651	yes
434	ENST00000534326.5	1934	1476	1.2162	0.526330975819	0.99999970610459	yes
435	ENST00000525294.5	916	570	1.072	0.380424864478	0.97996539934126	yes
436	ENST00000371893.6	2921	2208	1.2906	0.54050738694	0.99999999991778	yes
437	ENST00000525873.5	807	402	1.2795	0.61100883319	0.98600118623734	yes
438	ENST00000606558.6	1817	186	0.9355	-0.0122196900096	0.034302542252717	no
439	ENST00000663931.1	2744	186	0.9355	-0.0122196900096	0.032486108712943	no
440	ENST00000658849.1	2319	186	0.9355	-0.0122196900096	0.033307049990551	no
441	ENST00000662922.1	4041	288	0.5366	-0.124677275193	0.012546384122127	no
442	ENST00000606714.6	2500	186	0.9355	-0.0122196900096	0.032955004770331	no
443	ENST00000667019.1	2527	252	0.7339	-0.0576756453383	0.026578670155324	no
444	ENST00000664404.1	1713	204	0.9403	0.179856598256	0.13546823755218	no
445	ENST00000653743.1	4275	288	0.5276	-0.0764744160215	0.016464845816818	no
446	ENST00000605910.2	1915	252	0.7339	-0.0576756453383	0.027557177678832	no
447	ENST00000453216.2	1600	285	0.7225	-0.0923334286103	0.030700917499762	no
448	ENST00000657776.1	2632	288	0.5366	-0.124677275193	0.013651711885838	no
449	ENST00000421890.5	1352	393	0.9455	0.198765970134	0.58736037676565	yes
450	ENST00000430530.5	566	225	0.8617	-0.0392308954972	0.037318532113567	no
451	ENST00000434898.6	1737	393	0.9455	0.198765970134	0.58168328901429	yes
452	ENST00000442665.1	582	120	0.7195	-0.0595832723734	0.0069117793080407	no
453	ENST00000422825.1	805	360	0.8565	0.272360731463	0.55866928194055	yes
454	ENST00000338523.9	2665	606	0.7924	0.0898352046405	0.7983457970466	yes
455	ENST00000446848.6	2613	606	0.7924	0.0898352046405	0.7988536216045	yes
456	ENST00000416246.5	823	591	0.7601	0.0676592669264	0.74606893233955	yes
457	ENST00000396376.5	2491	606	0.7924	0.0898352046405	0.80004129819154	yes
458	ENST00000619420.4	2361	606	0.7739	0.0832389042309	0.78461534335772	yes
459	ENST00000396081.5	3057	1221	0.9946	0.0650581463492	0.99979102512171	yes
460	ENST00000311350.8	2884	1221	0.9946	0.0650581463492	0.99979320831749	yes
461	ENST00000426180.1	757	573	1.1138	0.0701956159115	0.88238446425505	yes
462	ENST00000438224.5	811	540	1.0246	0.019075258774	0.73834040571687	yes
463	ENST00000413517.1	808	570	0.8402	0.0181279775979	0.68487415739179	yes
464	ENST00000357936.9	1938	1443	1.0389	0.324362418204	0.99999721833447	yes
465	ENST00000615193.4	1674	1164	1.0825	0.306363097538	0.99994511283367	yes
466	ENST00000617822.4	1809	1299	1.0811	0.336674540012	0.99998942796869	yes
467	ENST00000622873.4	1839	1329	1.1146	0.31126818471	0.99999184872752	yes
468	ENST00000426377.5	1700	1209	1.121	0.318503643187	0.99997236074521	yes
469	ENST00000495320.1	447	75	1.0086	-0.23658823462	0.0033141012997906	no
470	ENST00000494914.1	891	360	1.1414	0.259481678782	0.73897544347101	yes
471	ENST00000651354.1	2051	963	0.8593	0.297837711508	0.99894858220938	yes
472	ENST00000651586.1	2006	918	0.9503	0.326143484202	0.99893697723884	yes
473	ENST00000434526.7	2052	963	0.8593	0.297837711508	0.99894851843402	yes
474	ENST00000395435.7	1287	711	1.0494	0.331996963079	0.99331530182427	yes
475	ENST00000436782.5	1683	516	0.5269	0.0255139580425	0.31081650318998	no
476	ENST00000413756.5	1171	1059	0.7158	0.224893334778	0.99910289179297	yes
477	ENST00000483327.5	1195	516	0.8775	0.199099613451	0.81472124100431	yes
478	ENST00000423763.5	1792	516	0.5269	0.0255139580425	0.30940057337908	no
479	ENST00000498777.5	570	426	0.8561	0.157852926435	0.55139651014277	yes
480	ENST00000438133.5	1771	516	0.5269	0.0255139580425	0.30967309026957	no
481	ENST00000447501.5	1249	552	0.7766	0.177618442973	0.80346217776758	yes
482	ENST00000529457.1	568	501	0.7136	0.221025617788	0.7284314841168	yes
483	ENST00000461912.1	529	111	0.927	-0.253860413688	0.0033600648319058	no
484	ENST00000531229.1	737	390	0.6991	0.0529934458676	0.20122400858974	no
485	ENST00000435695.1	432	93	0.6562	-0.107850510923	0.003116362108997	no
486	ENST00000452050.5	407	54	1.0968	-0.0753924309062	0.010056200699659	no
487	ENST00000424523.1	406	132	0.7266	-0.252864328643	0.0022807080212267	no
488	ENST00000419668.1	527	117	0.781	-0.282003512502	0.0018849334086409	no
489	ENST00000447467.6	2947	1887	1.0311	0.324013345587	0.99999997500951	yes
490	ENST00000524053.5	575	255	1.0026	0.386335566206	0.58079877814005	yes
491	ENST00000630942.2	2249	1809	0.9677	0.291724022417	0.99999991591622	yes
492	ENST00000359388.8	2843	1827	1.0311	0.319935315589	0.99999995119627	yes
493	ENST00000413338.5	958	351	0.7369	0.248461560752	0.40025505739852	yes
494	ENST00000431679.6	1345	666	1.2852	0.263943286611	0.99185950775937	yes
495	ENST00000453227.5	1041	666	1.2852	0.263943286611	0.99200720022578	yes
496	ENST00000429679.1	482	300	0.8391	0.13679913052	0.20701147804001	no
497	ENST00000450686.1	538	159	0.7441	-0.181198274123	0.0051227410863925	no
498	ENST00000655204.1	1056	330	0.5734	-0.0319154975053	0.047322860021995	no
499	ENST00000445184.1	686	303	0.4524	-0.0904641182808	0.017319129878956	no
500	ENST00000427263.6	2465	597	0.6161	0.175301878503	0.78603504786414	yes
501	ENST00000613071.1	3421	558	0.6776	0.322813700617	0.87960083874804	yes
502	ENST00000324079.10	3395	558	0.6776	0.322813700617	0.87976792606073	yes
503	ENST00000524229.1	258	66	0.4609	0.0382766871572	0.0033409810702834	no
504	ENST00000428068.5	571	51	0.5033	-0.185707404918	0.00072765973180824	no
505	ENST00000412232.3	6944	4017	1.1141	0.459382671292	1	yes
506	ENST00000220659.11	2560	1260	0.9068	0.308287791081	0.99996481896729	yes
507	ENST00000520601.5	1192	609	0.8857	0.326757417585	0.96627704303484	yes
508	ENST00000521170.5	550	228	0.8359	0.236653373128	0.18597532513615	no
509	ENST00000522539.1	473	219	0.9281	0.444042813092	0.52247472679412	yes
510	ENST00000494528.2	498	108	0.647	-0.367313077662	0.00064102939603337	no
511	ENST00000396596.2	4190	1491	0.9499	0.012418945867	0.99998031150422	yes
512	ENST00000521960.5	537	324	0.9616	0.140039253825	0.33612480453016	no
513	ENST00000345714.8	4055	1491	0.9499	0.012418945867	0.9999804722281	yes
514	ENST00000519396.5	477	378	1.0036	0.0725178579137	0.39963602129802	yes
515	ENST00000521435.1	597	108	0.7289	-0.440069851201	0.00050986625149858	no
516	ENST00000523260.1	590	81	1.0403	-0.267146372351	0.0031656681165238	no
517	ENST00000220597.4	10744	1299	1.0963	0.337807121161	0.99998279001097	yes
518	ENST00000523463.1	876	402	0.9246	-0.055912968592	0.21961691195045	no
519	ENST00000522811.1	315	231	1.0012	0.376158838906	0.50269236483291	yes
520	ENST00000519326.1	364	36	0.9435	-0.335407266641	0.00092957409363377	no
521	ENST00000658286.1	2711	237	0.6438	-0.0346004436565	0.019747320381937	no
522	ENST00000657799.1	1386	237	0.5348	-0.0700914216184	0.012114776321703	no
523	ENST00000662944.1	1213	204	0.5411	-0.297315373878	0.0019697790566882	no
524	ENST00000523011.1	1789	171	0.6813	-0.104223181977	0.0073605061886611	no
525	ENST00000670081.1	1203	204	0.5411	-0.297315373878	0.0019709730828563	no
526	ENST00000659133.1	953	147	0.4606	-0.24363319432	0.0011968855166199	no
527	ENST00000537882.2	2975	942	1.232	0.47155409143	0.99986244832839	yes
528	ENST00000323851.13	3025	1185	1.263	0.496325407011	0.99999231728227	yes
529	ENST00000521438.1	2810	567	0.6073	-0.0455696228922	0.3705049293344	yes
530	ENST00000519278.5	3983	618	1.1968	0.524142406313	0.99618045459834	yes
531	ENST00000523642.1	507	255	0.798	0.0721743508464	0.084177535296241	no
532	ENST00000522665.5	411	393	0.9029	-0.0233411303587	0.23324145059747	no
533	ENST00000517331.5	584	579	1.212	0.421091776872	0.99112757120478	yes
534	ENST00000522377.5	1103	651	1.3408	0.395526984968	0.99666092403706	yes
535	ENST00000518010.5	581	393	1.315	0.50214876454	0.97245220574938	yes
536	ENST00000377838.8	4594	3732	1.125	0.388414698902	1	yes
537	ENST00000520727.5	4686	3696	1.1196	0.386946802573	1	yes
538	ENST00000523924.5	4756	3696	1.1196	0.386946802573	1	yes
539	ENST00000523243.5	4774	2997	1.0623	0.343122687732	0.99999999999986	yes
540	ENST00000520214.5	4294	3696	1.1196	0.386946802573	1	yes
541	ENST00000517307.5	866	690	0.9443	0.229666782904	0.9779876897927	yes
542	ENST00000519827.1	659	264	0.5488	-0.0448745673105	0.020742653054614	no
543	ENST00000430474.6	925	423	1.1177	0.300869483192	0.87197316003972	yes
544	ENST00000479685.1	1591	537	0.8767	0.145308775746	0.79023137402942	yes
545	ENST00000342752.8	951	486	1.0947	0.277853540982	0.9148113704899	yes
546	ENST00000414417.6	1056	486	1.0947	0.277853540982	0.91431320645437	yes
547	ENST00000615409.1	980	486	1.0947	0.277853540982	0.91467404545954	yes
548	ENST00000526406.5	2496	1455	1.2192	0.489262049345	0.99999951714671	yes
549	ENST00000529854.1	511	225	0.7836	0.309822077432	0.23367498123791	no
550	ENST00000533348.5	724	492	1.309	0.503150180903	0.99017870969844	yes
551	ENST00000533063.5	1800	1599	1.2192	0.450282231317	0.99999987379189	yes
552	ENST00000262580.9	1723	1455	1.2192	0.489262049345	0.99999953928601	yes
553	ENST00000525721.1	442	342	1.1525	0.470281406764	0.90887475706093	yes
554	ENST00000534018.5	1101	831	1.2434	0.476730641787	0.99962003776634	yes
555	ENST00000524846.5	3462	1554	0.7596	0.203438665021	0.99999508925614	yes
556	ENST00000528475.1	2067	243	1.0329	0.150315816706	0.204665458772	no
557	ENST00000526469.5	1643	663	1.2848	0.48546258295	0.99800181254142	yes
558	ENST00000526051.1	700	216	1.1116	0.370022700816	0.53284651888492	yes
559	ENST00000534602.5	480	357	1.3058	0.549157420369	0.96959515138105	yes
560	ENST00000442628.7	3724	1506	1.2799	0.61222589586	0.99999989001978	yes
561	ENST00000533093.5	3877	777	1.3065	0.599720216557	0.99970638935122	yes
562	ENST00000529747.5	3693	810	1.2741	0.538522952281	0.99966299281113	yes
563	ENST00000423469.6	2905	882	1.2924	0.485700661224	0.999802603404	yes
564	ENST00000527545.1	2546	510	0.8726	0.234026611162	0.82481142040389	yes
565	ENST00000532940.5	1782	777	1.3065	0.599720216557	0.99974145124033	yes
566	ENST00000533846.5	1623	852	1.1975	0.446252048841	0.99955853051976	yes
567	ENST00000666050.1	1156	177	0.5903	-0.0764366273963	0.0073666944991233	no
568	ENST00000665783.1	4188	180	0.507	-0.292041637152	0.0011808946826711	no
569	ENST00000447950.1	1668	177	0.5903	-0.0764366273963	0.0071428133411295	no
570	ENST00000430766.1	1959	177	0.5903	-0.0764366273963	0.0070185927583182	no
571	ENST00000456643.5	799	612	1.0993	0.239470909735	0.97086891078922	yes
572	ENST00000257497.11	1401	1041	1.0967	0.270080231204	0.99975203490761	yes
573	ENST00000491192.1	1400	240	0.8622	0.0996547361045	0.097956408583068	no
574	ENST00000376434.5	1397	1089	1.0707	0.213354033197	0.99976716693035	yes
575	ENST00000304195.8	5260	1794	1.0252	0.24234712259	0.99999986270132	yes
576	ENST00000621208.4	5064	1662	1.0756	0.230305273839	0.99999947753833	yes
577	ENST00000465485.1	604	348	1.1244	0.257977676923	0.70370275432704	yes
578	ENST00000374861.7	3134	1839	0.9307	0.0574086865372	0.99999966150617	yes
579	ENST00000339664.6	3021	1881	0.9446	0.0578266729622	0.99999979620368	yes
580	ENST00000259395.4	3115	1755	1.0218	0.0419198334343	0.99999930245558	yes
581	ENST00000615466.1	2316	1596	1.0174	0.0116807600071	0.99999541023941	yes
582	ENST00000373755.6	3384	1092	1.2205	0.518111419043	0.99997875892735	yes
583	ENST00000373754.6	3278	1047	1.1935	0.503420352287	0.99995882479383	yes
584	ENST00000394319.8	3465	1179	1.2515	0.523254889789	0.99999269256778	yes
585	ENST00000340587.7	3457	1134	1.2245	0.509898552468	0.99998587505222	yes
586	ENST00000559895.5	3587	531	1.2439	0.486779701742	0.98952802329212	yes
587	ENST00000482062.1	918	471	0.7622	-0.0086659179587	0.32678754870031	no
588	ENST00000464484.3	666	108	1.0358	0.196375790764	0.081759519332571	no
589	ENST00000560152.1	582	378	1.1547	0.280966214867	0.80809220153158	yes
590	ENST00000391553.2	1077	786	1.0344	0.405232847025	0.99809480035705	yes
591	ENST00000392827.2	1135	786	1.0344	0.405232847025	0.99808809188512	yes
592	ENST00000277551.6	7158	6714	1.2693	0.508506398637	1	yes
593	ENST00000277549.9	7158	6714	1.2693	0.508442880596	1	yes
594	ENST00000371363.5	9758	7014	1.2631	0.513457849073	1	yes
595	ENST00000371357.5	9642	7017	1.2631	0.512853212461	1	yes
596	ENST00000413253.1	492	462	1.1425	0.439726592492	0.96646913490588	yes
597	ENST00000642197.1	3376	3147	0.925	0.0710648749606	0.99999999999977	yes
598	ENST00000642920.2	5624	4851	0.8337	0.0910166888594	1	yes
599	ENST00000376302.5	2723	744	0.9377	0.104025027925	0.96816055403761	yes
600	ENST00000647478.1	3846	1878	0.8189	0.0763346564022	0.99999970927024	yes
601	ENST00000376301.2	615	594	0.9146	0.065687391839	0.83135094402182	yes
602	ENST00000644253.1	887	240	0.9202	0.0979905545715	0.11735224765821	no
603	ENST00000478093.2	603	90	1.1143	-0.277404682377	0.0041070689776822	no
604	ENST00000645292.1	741	279	0.6398	0.176464560361	0.12454156732036	no
605	ENST00000609683.5	857	288	0.5298	-0.0354069883044	0.026485069593346	no
606	ENST00000331737.10	3243	2457	0.697	0.111087537897	0.99999999937539	yes
607	ENST00000361310.7	3144	2487	0.7096	0.110472437258	0.99999999956679	yes
608	ENST00000413025.5	3106	2487	0.7096	0.110472437258	0.99999999956778	yes
609	ENST00000436087.6	3164	2487	0.7096	0.110472437258	0.99999999956626	yes
610	ENST00000538351.6	3284	2340	0.697	0.114210001618	0.99999999782679	yes
611	ENST00000375311.1	2173	1179	0.9076	0.131235959185	0.99973519647203	yes
612	ENST00000395797.1	1201	822	0.817	0.106123711467	0.98174764379709	yes
613	ENST00000374433.7	1159	822	0.817	0.106123711467	0.98179328487979	yes
614	ENST00000485351.1	471	234	0.5866	0.102411399123	0.044094494455182	no
615	ENST00000611324.4	4417	3738	1.1161	0.306428963638	1	yes
616	ENST00000351071.11	4623	3963	1.1161	0.308230327342	1	yes
617	ENST00000314664.12	4327	3840	1.1161	0.316486177964	1	yes
618	ENST00000282633.10	4642	4026	1.1421	0.304531479326	1	yes
619	ENST00000492914.1	735	279	1.1737	0.422910665851	0.79492826984615	yes
620	ENST00000399339.6	4323	3762	1.1367	0.29690810685	1	yes
621	ENST00000454806.1	782	399	1.1316	0.229035167664	0.77506086602362	yes
622	ENST00000422982.8	6734	1518	0.8888	0.437977085168	0.9999987478615	yes
623	ENST00000372231.7	6720	1518	0.8888	0.437977085168	0.99999874892544	yes
624	ENST00000265447.8	2526	1419	0.97	0.456258392828	0.9999980576903	yes
625	ENST00000463340.1	377	66	0.7785	0.298150760326	0.047803135191678	no
626	ENST00000447489.1	750	348	1.2055	0.491168792339	0.93404627428799	yes
627	ENST00000481805.1	793	276	0.8024	0.00106925637131	0.067053463735959	no
628	ENST00000437799.1	610	450	0.8851	0.276488504151	0.79212272302513	yes
629	ENST00000474545.1	550	114	0.882	-0.0903517523505	0.0088092941167817	no
630	ENST00000614189.4	7037	771	0.7518	0.0675366909223	0.93211660999118	yes
631	ENST00000336126.6	7149	771	0.7518	0.0675366909223	0.93168504171722	yes
632	ENST00000490164.1	973	210	0.6818	-0.161145688443	0.0081037337687986	no
633	ENST00000404542.5	3681	975	1.1767	0.27404877638	0.99955966008954	yes
634	ENST00000370552.8	4326	1779	1.1026	0.247650526162	0.99999988448269	yes
635	ENST00000370549.5	2121	1605	1.1189	0.265244259719	0.99999943918348	yes
636	ENST00000628193.2	1760	1443	1.0923	0.268981283376	0.99999664613894	yes
637	ENST00000370546.5	1849	1647	1.0493	0.222636664291	0.99999942245767	yes
638	ENST00000614306.1	447	447	1.0779	0.239675758734	0.84263216914419	yes
639	ENST00000618991.4	856	423	1.1299	0.704520580466	0.99030234009791	yes
640	ENST00000344255.8	1114	702	1.1796	0.618946812289	0.99926732832619	yes
641	ENST00000469792.6	1197	423	1.1299	0.704520580466	0.99010146498749	yes
642	ENST00000485728.1	616	423	1.1299	0.704520580466	0.99044129302714	yes
643	ENST00000320185.6	799	735	1.1713	0.583181827606	0.99934601851263	yes
644	ENST00000346714.7	694	615	1.1713	0.67183196618	0.99867637705652	yes
645	ENST00000347978.2	823	648	1.1713	0.628537115225	0.99875721779763	yes
646	ENST00000631443.1	562	183	1.0921	0.32228041379	0.35587459228858	no
647	ENST00000632794.1	583	183	1.0921	0.32228041379	0.35558236003575	no
648	ENST00000440461.3	579	183	1.0921	0.32228041379	0.35563801503126	no
649	ENST00000629474.2	570	312	0.7469	-0.158525458757	0.030525527628565	no
650	ENST00000369880.8	2450	1128	1.0183	0.162653211887	0.99973174045961	yes
651	ENST00000615257.1	1723	1017	1.0381	0.163068371978	0.99920174510525	yes
652	ENST00000490417.6	952	456	0.823	0.0145410046686	0.36755105651842	yes
653	ENST00000355697.7	1556	1014	0.8318	0.0882126819917	0.99744609212144	yes
654	ENST00000369131.8	1133	534	0.99	0.0530443771771	0.74431286359722	yes
655	ENST00000466218.5	764	465	1.0888	0.104428174488	0.72999343598069	yes
656	ENST00000419372.5	739	198	0.9796	-0.137611935598	0.021211501132622	no
657	ENST00000462913.1	278	69	1.1625	0.054697240691	0.03376069981015	no
658	ENST00000424148.1	2265	783	1.1932	-0.0288258493831	0.97789902235884	yes
659	ENST00000532922.1	519	204	0.5876	0.00351778612284	0.017067115462132	no
660	ENST00000534077.1	409	180	0.7761	-0.173566849946	0.007516401302647	no
661	ENST00000659213.1	754	237	1.0231	0.0475552030357	0.11387107441423	no
662	ENST00000442037.5	798	204	0.9164	-0.0932883658635	0.024688687171213	no
663	ENST00000431095.7	944	204	0.9164	-0.0932883658635	0.024476124749686	no
664	ENST00000417089.6	1090	273	0.8477	0.151325726118	0.17524012991008	no
665	ENST00000411861.5	1771	771	0.5354	0.128477746458	0.9347377431266	yes
666	ENST00000412788.5	2281	771	0.5354	0.128477746458	0.93282307072852	yes
667	ENST00000414790.6	2348	771	0.5354	0.128477746458	0.9325676945969	yes
668	ENST00000447298.2	592	294	0.7345	0.0838769066342	0.10981344213124	no
669	ENST00000299576.9	1247	552	0.9493	0.226065122873	0.90641935422656	yes
670	ENST00000309357.8	1232	552	0.961	0.241258569522	0.91748559848411	yes
671	ENST00000529876.5	1421	507	0.9656	0.132642766285	0.76994222406766	yes
672	ENST00000309377.9	1273	633	0.7725	0.206310003378	0.92121111272779	yes
673	ENST00000525005.5	1128	588	0.8574	0.124303425434	0.84638215760078	yes
674	ENST00000524577.5	569	537	0.683	0.16946568231	0.71895290703226	yes
675	ENST00000534506.5	576	507	0.9656	0.132642766285	0.77890423391946	yes
676	ENST00000396648.6	1084	552	0.9493	0.226065122873	0.90725549073911	yes
677	ENST00000534147.5	1022	633	0.7725	0.206310003378	0.92231019905061	yes
678	ENST00000529942.1	513	327	1.0175	0.216778174708	0.50889420120383	yes
679	ENST00000530266.5	713	402	0.9279	0.112992256584	0.46693666720149	yes
680	ENST00000421577.6	886	729	0.9149	0.21443528357	0.98238786623567	yes
681	ENST00000443524.6	967	729	0.9149	0.21443528357	0.98230256958321	yes
682	ENST00000419348.6	1477	831	0.9554	0.240772552052	0.99545623493942	yes
683	ENST00000451739.6	1748	729	0.9149	0.21443528357	0.98145905459349	yes
684	ENST00000532505.1	595	402	0.9279	0.112992256584	0.46872044655473	yes
685	ENST00000531058.1	1060	591	1.012	0.256954699919	0.95708356751291	yes
686	ENST00000256999.7	4110	2253	0.8475	0.0832034694449	0.99999999552355	yes
687	ENST00000458311.6	1976	1329	0.8304	0.062730487406	0.99989642487863	yes
688	ENST00000356696.7	2403	2160	0.8909	0.0968393344909	0.99999999120415	yes
689	ENST00000525826.5	2192	1329	0.8304	0.062730487406	0.9998950576663	yes
690	ENST00000340334.11	2697	2208	0.8319	0.0711315506163	0.999999992399	yes
691	ENST00000525629.1	611	525	0.9577	0.0273781566383	0.67523344030557	yes
692	ENST00000526226.1	387	261	1.0194	0.088728289634	0.18096645033101	no
693	ENST00000529646.5	567	492	0.8034	-0.000378399339371	0.42794836824262	yes
694	ENST00000529117.1	540	192	0.8146	0.0830310020058	0.049916529979397	no
695	ENST00000257245.9	668	273	1.0057	0.469788111482	0.7456884998382	yes
696	ENST00000525587.1	486	273	1.0057	0.469788111482	0.74777844164801	yes
697	ENST00000525158.1	530	273	1.0057	0.469788111482	0.74727422584984	yes
698	ENST00000278836.9	5927	3456	1.2934	0.488796158802	1	yes
699	ENST00000265460.9	5745	3336	1.2934	0.488160497949	1	yes
700	ENST00000389602.4	2052	1614	1.1748	0.430642326383	0.9999998573731	yes
701	ENST00000536352.5	1067	387	0.9773	0.0195850250229	0.31483299260132	no
702	ENST00000537318.5	1844	1065	0.9782	0.373298485825	0.99985573706086	yes
703	ENST00000546247.1	645	624	0.8633	0.292097445293	0.96272481264111	yes
704	ENST00000539361.1	3324	387	0.5446	-0.205100457885	0.022806056719565	no
705	ENST00000376757.9	2990	1542	1.2568	0.482656700741	0.99999981971024	yes
706	ENST00000308298.11	2046	1185	1.099	0.435939703197	0.99998194372697	yes
707	ENST00000308127.9	2781	1980	1.2134	0.493249954539	0.99999999833008	yes
708	ENST00000532881.5	2587	1416	1.2206	0.537106265392	0.99999946267328	yes
709	ENST00000534112.1	544	123	0.7585	0.0701544366697	0.018822002377476	no
710	ENST00000532181.5	948	717	1.2873	0.588594763601	0.99946265081587	yes
711	ENST00000529224.1	673	381	1.2895	0.67299763926	0.9887544465237	yes
712	ENST00000527821.2	656	621	1.3011	0.613366208555	0.99878893555339	yes
713	ENST00000531495.1	548	360	1.2993	0.712279116054	0.98951389367937	yes
714	ENST00000525913.1	264	0	0	0	0.00029955123936269	no
715	ENST00000639052.1	2548	429	0.4655	0.017780354543	0.11573846632676	no
716	ENST00000495263.2	854	168	1.2605	-0.159644968136	0.0314926171512	no
717	ENST00000514950.1	1163	633	1.2248	0.478940237344	0.99662078959896	yes
718	ENST00000639172.1	775	339	1.2288	0.49232714881	0.93293072598645	yes
719	ENST00000638470.1	579	318	0.7043	0.079328222474	0.12375980092145	no
720	ENST00000497194.6	4080	600	0.9547	0.26572074671	0.94766891539958	yes
721	ENST00000343898.9	1720	492	0.9782	0.171055215227	0.78932469354709	yes
722	ENST00000404792.5	2172	585	1.0349	0.280872069022	0.9609136282722	yes
723	ENST00000534583.5	1201	585	1.0349	0.280872069022	0.9630688085468	yes
724	ENST00000260049.9	1354	585	1.0349	0.280872069022	0.96273696563597	yes
725	ENST00000500537.2	1934	213	1.0158	-0.354764321233	0.0062920642193584	no
726	ENST00000532002.2	1969	213	1.0158	-0.354764321233	0.0062787907129757	no
727	ENST00000654875.1	2399	213	1.0158	-0.354764321233	0.0061179694579172	no
728	ENST00000649843.1	1680	213	1.0158	-0.354764321233	0.006389230977598	no
729	ENST00000392951.9	3786	606	1.2688	0.554556995406	0.99719362013271	yes
730	ENST00000525531.5	1048	606	1.2688	0.554556995406	0.99762243246549	yes
731	ENST00000278968.10	1477	606	1.2688	0.554556995406	0.99755984044129	yes
732	ENST00000529792.5	375	273	1.2886	0.675482693751	0.96579185920457	yes
733	ENST00000533863.1	3298	264	1.234	0.378634944671	0.71793199705344	yes
734	ENST00000530649.5	1227	606	1.2688	0.554556995406	0.99759651310125	yes
735	ENST00000532870.5	2166	606	1.2688	0.554556995406	0.99745585597351	yes
736	ENST00000529622.1	501	351	1.2669	0.465966711327	0.93846543655766	yes
737	ENST00000406697.5	3076	2067	0.9056	0.191367144619	0.99999998718868	yes
738	ENST00000328916.7	2972	2067	0.9056	0.191367144619	0.99999998726933	yes
739	ENST00000402681.7	2522	1566	0.9712	0.205401363056	0.99999793151401	yes
740	ENST00000489541.1	551	153	0.8466	-0.110443120056	0.010504600225499	no
741	ENST00000360817.10	2682	2067	0.9056	0.191367144619	0.99999998749153	yes
742	ENST00000543187.5	566	264	0.7503	0.0734832446283	0.080586794336853	no
743	ENST00000488701.1	634	264	0.7503	0.0734832446283	0.080281405752322	no
744	ENST00000423384.5	573	300	0.8117	0.152542693814	0.20904305288686	no
745	ENST00000413211.5	667	309	0.8677	0.148610003327	0.25178369752494	no
746	ENST00000403949.5	1034	504	0.9702	0.147583744585	0.78787237689733	yes
747	ENST00000443875.5	2550	1098	0.8408	0.221336938132	0.99955749872527	yes
748	ENST00000495053.1	766	297	0.8048	0.13079530578	0.17651746282908	no
749	ENST00000473545.1	557	135	1.0108	0.150361096713	0.075682993543187	no
750	ENST00000470326.1	541	213	0.9094	0.0590055150231	0.070437851230475	no
751	ENST00000461983.5	950	558	0.8343	0.15718457206	0.82309769124157	yes
752	ENST00000497061.1	452	138	0.7998	0.049892688965	0.022096744338187	no
753	ENST00000395763.7	2055	789	0.6974	0.0171312377285	0.93169707153936	yes
754	ENST00000538463.5	1862	789	0.6974	0.0171312377285	0.93243905837191	yes
755	ENST00000357721.3	6128	789	0.6974	0.0171312377285	0.91417788777406	yes
756	ENST00000539633.1	554	216	0.8495	0.0428727770822	0.055041390946882	no
757	ENST00000538391.1	1067	345	0.7285	-0.0191400355052	0.093713852012142	no
758	ENST00000670504.1	1464	192	1.1387	0.226266487623	0.26148007361373	no
759	ENST00000548872.5	3078	255	0.7491	-0.236704911989	0.0086973398859319	no
760	ENST00000653240.1	1994	297	0.8876	-0.0853445029215	0.058327535561219	no
761	ENST00000551146.5	813	99	0.598	-0.217527111716	0.0013141803564348	no
762	ENST00000549124.1	468	159	1.3132	0.336826626103	0.4859132765039	yes
763	ENST00000261226.9	5874	1434	1.2934	0.431518930114	0.99999913737654	yes
764	ENST00000551457.1	4361	1341	1.2862	0.410986724692	0.99999748058663	yes
765	ENST00000548918.1	483	396	1.2772	0.398477198406	0.94262349176345	yes
766	ENST00000552239.1	567	120	0.8227	-0.181674177559	0.0042841869970108	no
767	ENST00000482487.5	990	549	0.8855	0.0679347121887	0.73289168047666	yes
768	ENST00000378319.8	1356	996	0.8837	0.0214036690853	0.99595842472657	yes
769	ENST00000496623.5	1173	480	0.9714	0.0635616649684	0.62087093196738	yes
770	ENST00000476953.6	781	90	0.7649	-0.157790499066	0.0029890993853048	no
771	ENST00000426879.5	903	414	0.7759	-0.0678090647152	0.15636182533622	no
772	ENST00000465045.5	1626	681	0.927	-0.00193102101193	0.88765170414084	yes
773	ENST00000488958.5	1318	879	0.8819	-0.0244948131221	0.98084241110969	yes
774	ENST00000495157.5	641	216	0.9623	-0.0362502420147	0.04669349348999	no
775	ENST00000460489.1	1077	132	0.6776	-0.144577834478	0.00383124132248	no
776	ENST00000488605.1	572	315	0.7963	-0.0806541571986	0.059719281528152	no
777	ENST00000486276.1	736	171	0.6192	-0.369539853425	0.0011269001637343	no
778	ENST00000442234.5	3982	2736	0.9588	0.0112411804883	0.99999999997283	yes
779	ENST00000611712.4	4180	2736	0.9588	0.0112411804883	0.9999999999725	yes
780	ENST00000405925.2	4065	2736	0.9588	0.0112411804883	0.99999999997269	yes
781	ENST00000356922.5	4096	2736	0.9588	0.0112411804883	0.99999999997264	yes
782	ENST00000621761.4	1049	648	1.1812	0.418315206159	0.99512410003619	yes
783	ENST00000397071.5	1117	579	1.2098	0.520469595011	0.99519248726273	yes
784	ENST00000537912.5	918	474	1.1312	0.44653245546	0.96995310701991	yes
785	ENST00000335125.11	1258	699	1.1672	0.427048884788	0.99718772427379	yes
786	ENST00000559387.5	574	144	1.1091	0.533399124486	0.60625903248337	yes
787	ENST00000557812.1	511	87	0.9735	0.343191799787	0.13438753564672	no
788	ENST00000559005.2	496	168	1.1623	0.497717982639	0.65189959593076	yes
789	ENST00000560410.5	755	687	1.241	0.427263095784	0.99753976848596	yes
790	ENST00000216802.10	793	720	1.2356	0.424051354987	0.99820569763444	yes
791	ENST00000615264.4	874	765	1.2356	0.399671465956	0.99869726251097	yes
792	ENST00000559042.1	643	126	1.0507	-0.257363481745	0.0056431976151042	no
793	ENST00000559453.5	1721	183	0.8051	-0.0214370715079	0.021148622692691	no
794	ENST00000558273.5	1502	489	1.1785	0.423190031371	0.97329148913948	yes
795	ENST00000558931.5	2754	183	0.8051	-0.0214370715079	0.019888448900059	no
796	ENST00000559359.1	484	204	0.894	0.0456335793637	0.056759368297854	no
797	ENST00000560788.1	785	144	1.0126	-0.197856929826	0.0089025394064629	no
798	ENST00000561103.1	460	0	0	0	0.00029600850777691	no
799	ENST00000250457.9	2706	720	1.1491	0.458776079465	0.99789782394795	yes
800	ENST00000553215.5	1004	438	0.9461	0.28060175748	0.80264710811847	yes
801	ENST00000556785.1	864	360	0.8297	0.202588450785	0.42245792418286	yes
802	ENST00000547327.2	2849	447	1.0739	0.558906821135	0.97409915478457	yes
803	ENST00000550114.5	566	105	0.8497	0.0325647401806	0.01612208780559	no
804	ENST00000551935.5	575	117	0.8247	0.0540002788888	0.019471506008025	no
805	ENST00000261249.7	5304	1530	0.8598	0.0533190714732	0.99998599977088	yes
806	ENST00000553903.1	560	507	0.9119	0.0409557247619	0.61920656725781	yes
807	ENST00000555420.1	572	456	0.7336	-0.0715900545688	0.20274418247813	no
808	ENST00000555220.5	1440	261	0.9755	0.0510410230883	0.12341187107275	no
809	ENST00000555424.1	565	285	0.6348	-0.0551320799147	0.031695674865923	no
810	ENST00000608382.5	10372	1308	0.831	0.088517183053	0.999817834366	yes
811	ENST00000394715.1	2094	1308	0.831	0.088517183053	0.99988979301637	yes
812	ENST00000614204.4	692	195	1.3114	0.352861652803	0.60335712191564	yes
813	ENST00000618863.1	505	240	1.2437	0.316026545156	0.61335601907784	yes
814	ENST00000555081.5	571	348	0.6549	0.0410689781921	0.11503838883723	no
815	ENST00000557700.1	598	348	0.6549	0.0410689781921	0.11487159569472	no
816	ENST00000618200.4	364	288	1.3184	0.33477171407	0.79370937647957	yes
817	ENST00000621160.4	644	369	1.3394	0.298423468304	0.88413361550716	yes
818	ENST00000555819.5	275	120	1.3054	0.232500561937	0.23512166786434	no
819	ENST00000620396.4	599	339	1.3394	0.313945462365	0.85972832781311	yes
820	ENST00000612499.1	2439	369	0.554	-0.0304587085334	0.06203953384792	no
821	ENST00000614288.1	666	423	0.6437	-0.0212985391659	0.15681254302463	no
822	ENST00000614648.1	681	240	1.2437	0.316026545156	0.61081867053213	yes
823	ENST00000261835.8	2197	1503	1.2693	0.497444966346	0.99999977158637	yes
824	ENST00000554611.5	6609	606	1.261	0.296205164962	0.98150123498277	yes
825	ENST00000380228.6	1597	1212	1.2913	0.525493691822	0.99999602964276	yes
826	ENST00000554176.5	2253	1014	1.2402	0.562461011954	0.99996767463319	yes
827	ENST00000554917.5	622	369	1.2595	0.507147104883	0.95932247026493	yes
828	ENST00000556313.1	682	291	1.2844	0.33710579109	0.78059587583602	yes
829	ENST00000556822.1	581	282	1.0135	0.0293915359602	0.15383253553209	no
830	ENST00000392882.7	2639	1416	1.193	0.399548258398	0.99999854217585	yes
831	ENST00000358655.8	2466	1293	1.193	0.399737638183	0.99999455322328	yes
832	ENST00000557135.5	2080	1416	1.193	0.399548258398	0.99999859082644	yes
833	ENST00000554950.1	1376	780	1.2247	0.509678123002	0.99942796861689	yes
834	ENST00000556504.5	847	669	1.1854	0.325161249296	0.99300836985575	yes
835	ENST00000554331.5	831	546	0.9554	0.22761694209	0.90555060485603	yes
836	ENST00000557239.5	471	321	0.9195	0.301789490279	0.55641676815754	yes
837	ENST00000559390.5	2486	1503	1.1452	0.220555992281	0.99999786383952	yes
838	ENST00000560141.2	3190	168	0.5153	-0.0278050109563	0.0064400533428777	no
839	ENST00000559315.1	560	171	0.5257	-0.0158343966011	0.0087066699427957	no
840	ENST00000561237.1	561	90	0.9388	0.0549233042492	0.020926014563468	no
841	ENST00000617693.4	479	111	0.765	0.000728838559882	0.010798645834389	no
842	ENST00000613161.4	2398	249	0.6083	-0.127791846061	0.011174559014111	no
843	ENST00000619889.1	654	111	0.765	0.000728838559882	0.010685729280951	no
844	ENST00000655436.1	953	327	0.7797	-0.0098328803723	0.096696656382935	no
845	ENST00000656830.1	972	96	0.5174	-0.172269192843	0.0013187588347882	no
846	ENST00000634318.1	1033	468	0.5202	0.133852078054	0.35857531479863	no
847	ENST00000635160.1	692	282	0.4722	0.056292471876	0.037879885961958	no
848	ENST00000634529.1	372	300	0.8682	0.0532807328768	0.14229588714986	no
849	ENST00000635511.1	920	336	0.9959	0.0443605956613	0.25010149816602	no
850	ENST00000635320.1	568	198	0.7828	0.0282028348667	0.034061190973082	no
851	ENST00000558783.2	726	204	1.0241	0.0462164551636	0.082218558895493	no
852	ENST00000560741.5	800	546	1.1777	0.531880098779	0.99310266534929	yes
853	ENST00000558992.1	190	21	0.6704	-0.527481224692	9.5366307974592E-5	no
854	ENST00000379224.9	540	264	1.171	0.473061359193	0.8215949452272	yes
855	ENST00000559876.1	614	465	1.137	0.513870166675	0.97933553581909	yes
856	ENST00000306072.10	1583	546	1.1777	0.531880098779	0.99276925634127	yes
857	ENST00000560573.1	2698	513	0.9784	0.281674008367	0.90198750013048	yes
858	ENST00000557824.1	5634	513	0.9784	0.281674008367	0.88505906712942	yes
859	ENST00000560746.1	730	243	1.0266	0.422086189815	0.62207153874038	yes
860	ENST00000546338.2	481	447	0.99	0.220392183969	0.78115053694723	yes
861	ENST00000357484.10	7587	681	1.2122	0.557307256451	0.99815505476495	yes
862	ENST00000460685.1	2145	441	0.5314	0.038898913155	0.17759589572429	no
863	ENST00000560096.1	698	327	0.7644	0.237803614733	0.34704335041476	no
864	ENST00000354377.8	3163	1452	0.7172	0.0946748152866	0.99996596599596	yes
865	ENST00000560038.5	541	198	0.6807	0.0239392277831	0.024310264075802	no
866	ENST00000558115.1	599	153	0.8137	0.0448626484216	0.025925311488479	no
867	ENST00000379090.9	5613	402	0.4405	-0.233388764232	0.014086972734116	no
868	ENST00000558586.1	284	234	0.7852	0.037806766694	0.053782371139981	no
869	ENST00000563734.1	543	216	0.5699	-0.193445533939	0.0050608002252109	no
870	ENST00000567888.1	274	111	0.5931	0.145109542387	0.016433468672357	no
871	ENST00000562838.1	535	138	0.6821	-0.0382396035714	0.008605450789796	no
872	ENST00000574902.5	3208	1380	1.043	0.511899090797	0.99999830069963	yes
873	ENST00000396878.8	3311	1380	1.043	0.511899090797	0.9999982900389	yes
874	ENST00000576416.5	2240	1380	1.043	0.511899090797	0.99999839769828	yes
875	ENST00000574928.5	5889	615	1.0594	0.598084662265	0.99581530567114	yes
876	ENST00000576863.1	3245	615	1.0594	0.598084662265	0.99643374973105	yes
877	ENST00000574575.2	821	615	1.0594	0.598084662265	0.99692033393424	yes
878	ENST00000572992.1	934	276	0.4816	0.0877013642044	0.044050300707488	no
879	ENST00000576027.1	818	186	0.7151	-0.397186995912	0.0014845079001034	no
880	ENST00000312499.6	1427	444	1.1948	0.329320865102	0.92724881505535	yes
881	ENST00000534799.6	1214	609	0.6409	0.124198931869	0.77685018222362	yes
882	ENST00000547107.5	1071	978	0.6806	0.089034875759	0.99416579790461	yes
883	ENST00000448011.3	575	123	0.6146	0.0768974921509	0.012577160388108	no
884	ENST00000395353.5	2925	2682	1.237	0.577547882634	0.99999999999955	yes
885	ENST00000357402.10	2798	2682	1.237	0.577547882634	0.99999999999955	yes
886	ENST00000566066.5	548	282	1.3104	0.623170924087	0.95892425828346	yes
887	ENST00000570234.5	658	444	1.3168	0.582967456952	0.99052779305148	yes
888	ENST00000566252.1	408	321	1.3104	0.62025636645	0.97238271415872	yes
889	ENST00000566554.1	811	147	1.3095	0.678415706499	0.8846040162789	yes
890	ENST00000569612.1	2091	210	0.7892	-0.136330818088	0.012445256402287	no
891	ENST00000570061.1	674	159	1.1598	-0.247048159674	0.012058562223214	no
892	ENST00000280606.6	2181	1662	0.9327	0.307973472948	0.99999958855109	yes
893	ENST00000486499.1	5489	735	0.6218	0.152435667342	0.92247969199839	yes
894	ENST00000492427.2	1782	387	0.5415	-0.0795795357676	0.054939018510763	no
895	ENST00000605277.1	798	99	1.1463	-0.100491621784	0.015721754890626	no
896	ENST00000565929.1	515	429	0.5709	-0.16548207727	0.057932517763071	no
897	ENST00000570985.1	591	270	1.1104	0.510239400388	0.838082316617	yes
898	ENST00000358514.9	977	822	1.2142	0.530898591422	0.99968137552364	yes
899	ENST00000570304.1	851	753	0.9623	0.367729223282	0.99569664485909	yes
900	ENST00000575556.1	966	402	0.9438	0.0108041876587	0.31592929977809	no
901	ENST00000575779.2	4863	2424	0.9378	0.0924966490218	0.9999999994776	yes
902	ENST00000399604.4	4862	2424	0.9378	0.0924966490218	0.99999999947763	yes
903	ENST00000576772.1	757	306	0.7382	0.0690739038052	0.11314239740018	no
904	ENST00000292090.8	1042	744	1.2768	0.352231820471	0.99801662168555	yes
905	ENST00000581236.1	408	120	0.9537	-0.0550392054741	0.014902960810287	no
906	ENST00000394933.7	784	603	1.1576	0.284192913417	0.97993367008904	yes
907	ENST00000580518.1	578	441	1.2308	0.364856074319	0.94843750727449	yes
908	ENST00000618403.5	1515	783	1.2219	0.535293649268	0.99952421444555	yes
909	ENST00000611337.4	1341	546	1.2772	0.496080604142	0.99339374494439	yes
910	ENST00000612205.1	638	360	1.0014	0.509770856613	0.90624800945456	yes
911	ENST00000615432.4	926	450	1.1009	0.477025182067	0.96513039591713	yes
912	ENST00000610443.1	4505	462	0.5371	0.0599631993106	0.21551677008377	no
913	ENST00000621871.1	883	285	1.27	0.498693868757	0.90147309323892	yes
914	ENST00000617959.1	976	387	0.8844	0.02446554993	0.26274325865128	no
915	ENST00000610834.4	689	288	0.9131	0.117255559684	0.20070811981288	no
916	ENST00000614112.4	561	399	0.8854	0.256009359094	0.65815378227953	yes
917	ENST00000615182.5	4236	1332	0.8932	0.216097557382	0.99996569666766	yes
918	ENST00000614122.4	1003	450	0.9794	0.2779013894	0.83472900863197	yes
919	ENST00000620628.4	2211	1332	0.8932	0.216097557382	0.99996966532545	yes
920	ENST00000612272.4	1948	1332	0.8932	0.216097557382	0.99997014587748	yes
921	ENST00000621780.1	598	168	1.1292	0.289086455428	0.29728268497974	no
922	ENST00000620086.4	1096	741	0.9873	0.268886292125	0.99121054963202	yes
923	ENST00000619777.4	920	588	0.7509	0.17923567397	0.85159953378291	yes
924	ENST00000619335.4	784	693	0.8181	0.18940920279	0.95965073704014	yes
925	ENST00000616284.1	583	279	0.9306	0.299673928529	0.44686354127225	yes
926	ENST00000583447.5	2305	366	0.5695	-0.0180449076431	0.068524852465397	no
927	ENST00000578423.1	1726	561	0.7323	0.163104966588	0.77580843109115	yes
928	ENST00000584586.1	279	120	1.0354	-0.0485759829943	0.020154309098544	no
929	ENST00000577328.1	366	150	1.0351	0.175325657231	0.11031256269412	no
930	ENST00000438323.2	1232	867	1.2882	0.413571350435	0.9996579046114	yes
931	ENST00000415816.7	1182	861	1.2882	0.411774424471	0.99963175010799	yes
932	ENST00000246911.6	747	387	1.2574	0.458149087252	0.95335701945687	yes
933	ENST00000536969.1	383	123	1.2336	0.398691029367	0.42994774481461	yes
934	ENST00000396722.2	595	210	1.063	0.127145574176	0.15667197670376	no
935	ENST00000538473.1	463	306	1.3168	0.472763021936	0.91998064081481	yes
936	ENST00000546325.1	525	237	1.2802	0.518256266397	0.86734492001962	yes
937	ENST00000534876.1	386	360	1.2684	0.399127518726	0.91624173891236	yes
938	ENST00000538265.5	2147	1338	0.9308	0.38064792124	0.99999150918946	yes
939	ENST00000393664.6	2182	1455	0.9383	0.388967852531	0.99999777967895	yes
940	ENST00000319349.10	2335	1455	0.9383	0.388967852531	0.99999775895625	yes
941	ENST00000545089.5	1628	1293	1.1139	0.411283105688	0.99999385006681	yes
942	ENST00000591713.5	1727	1455	0.9383	0.388967852531	0.9999978401799	yes
943	ENST00000586826.1	917	624	0.9992	0.457175894326	0.99143812653722	yes
944	ENST00000587151.5	582	363	0.7753	0.0568715505949	0.19842867099353	no
945	ENST00000593138.5	581	366	0.8782	0.378338134585	0.74689589709184	yes
946	ENST00000586681.5	783	432	0.8947	0.419688990908	0.89170634676756	yes
947	ENST00000589230.5	796	417	0.8461	0.40495734263	0.84492799341846	yes
948	ENST00000591576.5	1176	861	0.8306	0.513714195796	0.99920948858743	yes
949	ENST00000591070.5	473	237	1.0083	0.347670358229	0.47508572484936	yes
950	ENST00000592695.1	1246	861	0.8306	0.513714195796	0.99920612420125	yes
951	ENST00000579742.5	847	396	1.1432	0.214513712608	0.75791813563487	yes
952	ENST00000269025.9	1885	966	1.2368	0.38074668527	0.99982182519161	yes
953	ENST00000579971.5	872	297	1.1673	0.199198861963	0.51100568691939	yes
954	ENST00000584580.1	2239	825	1.2108	0.357535662919	0.99894344494042	yes
955	ENST00000585847.5	545	228	0.9988	0.0590231735903	0.10554819576954	no
956	ENST00000262291.9	3686	1221	0.8969	0.0595004138307	0.99969388152813	yes
957	ENST00000587945.1	583	261	1.069	0.0272686657795	0.1453363355957	no
958	ENST00000589823.6	580	501	0.7422	0.0101046568345	0.42145959630305	yes
959	ENST00000592619.5	838	519	0.903	0.0553632222439	0.66065259798178	yes
960	ENST00000591877.1	791	639	0.9772	0.121424011599	0.93312761825493	yes
961	ENST00000591782.1	729	159	1.0933	0.137800069638	0.11133395954156	no
962	ENST00000588617.1	884	159	1.0933	0.137800069638	0.11040621086059	no
963	ENST00000587470.1	995	171	0.6466	-0.154825195599	0.0049709980560201	no
964	ENST00000403627.7	2798	561	0.9418	0.187211174243	0.88013544198261	yes
965	ENST00000405159.7	2865	624	0.8888	0.153190501084	0.90717660238028	yes
966	ENST00000580032.1	451	291	1.0851	0.256285600129	0.53080245099569	yes
967	ENST00000581110.1	512	312	1.1686	0.0924152621271	0.38393367255543	yes
968	ENST00000579872.1	422	375	0.9484	0.206443183894	0.56825174362965	yes
969	ENST00000619501.4	7167	4602	1.2607	0.459732347606	1	yes
970	ENST00000645453.2	9704	9339	1.129	0.447158635501	1	yes
971	ENST00000578564.5	184	45	0.7697	-0.093381995442	0.0029596170817044	no
972	ENST00000582561.2	608	501	1.1366	0.312665027681	0.94874566411037	yes
973	ENST00000581612.1	483	291	0.4603	0.100722742291	0.053719430859308	no
974	ENST00000581866.1	429	129	1.0864	-0.24705791766	0.0070615313335656	no
975	ENST00000580701.1	473	162	0.8503	-0.181271217015	0.0073962807574894	no
976	ENST00000633867.1	6323	4593	1.219	0.431549203733	1	yes
977	ENST00000580724.1	353	102	0.983	0.115642418569	0.040563585290257	no
978	ENST00000584723.5	493	330	1.1791	0.478176543103	0.90911186594797	yes
979	ENST00000578005.4	628	324	0.9806	0.275506033484	0.56659508774402	yes
980	ENST00000577342.5	643	468	1.2628	0.370985000737	0.96580883490472	yes
981	ENST00000578960.5	553	222	1.1777	0.480161117839	0.75772325530079	yes
982	ENST00000578300.1	423	294	1.2643	0.324438064737	0.76323757610089	yes
983	ENST00000577785.1	565	435	0.9542	0.32393302187	0.84666555661635	yes
984	ENST00000583140.5	709	198	1.1471	-0.112722969729	0.041513157553112	no
985	ENST00000579052.5	556	156	1.1541	-0.0241315034846	0.048465113403575	no
986	ENST00000545180.5	2238	1155	1.2368	0.489650813958	0.99998850488111	yes
987	ENST00000591762.1	2502	1002	1.2396	0.485382383061	0.99993773033752	yes
988	ENST00000592299.6	1816	1155	1.2368	0.489650813958	0.99998879567832	yes
989	ENST00000590959.5	1851	1197	1.2448	0.465838946531	0.99999186302987	yes
990	ENST00000323374.8	2138	1413	1.2082	0.451859875089	0.99999901408177	yes
991	ENST00000392496.3	1779	1155	1.2368	0.489650813958	0.99998882082125	yes
992	ENST00000587167.1	456	129	1.2608	0.561325632611	0.71861886109176	yes
993	ENST00000417379.6	11898	3816	1.1848	0.535589558411	1	yes
994	ENST00000326724.9	5461	4125	1.2426	0.541231083554	1	yes
995	ENST00000570932.5	2108	489	1.2245	0.532842068637	0.98819559202498	yes
996	ENST00000374792.6	4938	2640	1.2426	0.545032544293	0.99999999999902	yes
997	ENST00000650574.1	1032	816	1.31	0.697615560131	0.99991600826932	yes
998	ENST00000576053.1	938	198	0.7205	-0.0028549351843	0.022572127751731	no
999	ENST00000575363.1	475	348	1.2534	0.634776012134	0.97737752213953	yes
1000	ENST00000572798.1	407	345	0.6884	0.0583489068082	0.1366484528874	no
1001	ENST00000399218.8	7033	2628	0.9766	0.273595711996	0.99999999998242	yes
1002	ENST00000269209.7	7434	2631	0.9611	0.273349556908	0.99999999998166	yes
1003	ENST00000578619.1	550	354	0.9502	0.323889980301	0.69444779931257	yes
1004	ENST00000590800.6	4909	1860	1.2993	0.616883365553	0.99999999765283	yes
1005	ENST00000586438.5	4899	1887	1.2993	0.612144167342	0.99999999819244	yes
1006	ENST00000589194.5	725	180	0.5336	0.0428355490323	0.014266839760124	no
1007	ENST00000591279.5	518	192	0.7269	0.104412242547	0.043971649224946	no
1008	ENST00000586525.5	347	102	1.1179	0.468361417815	0.39880359221051	yes
1009	ENST00000588149.5	565	180	0.5336	0.0428355490323	0.01440411089898	no
1010	ENST00000590374.5	630	225	0.6779	0.172028086569	0.080410488646984	no
1011	ENST00000442544.7	10181	4344	0.9505	0.161668144455	1	yes
1012	ENST00000412726.5	9525	4191	0.9505	0.166749530498	1	yes
1013	ENST00000581580.5	3517	3231	0.9855	0.166320915696	1	yes
1014	ENST00000577224.1	155	99	0.738	-0.0677347672314	0.0056839723206691	no
1015	ENST00000438103.6	4537	3930	1.2826	0.686030372266	1	yes
1016	ENST00000361757.8	4906	4101	1.3036	0.676732173118	1	yes
1017	ENST00000587673.5	1209	498	1.2516	0.707838952292	0.99704074353812	yes
1018	ENST00000586109.1	465	315	1.2993	0.652122815368	0.97512002794663	yes
1019	ENST00000590446.2	587	432	1.2638	0.751228374622	0.99580165351083	yes
1020	ENST00000590176.5	561	384	1.3269	0.499505748021	0.9703371015678	yes
1021	ENST00000262961.9	4766	2820	1.1756	0.473499002808	0.99999999999972	yes
1022	ENST00000592807.5	514	501	0.8772	0.237351558803	0.833657320439	yes
1023	ENST00000587212.5	493	315	0.9365	0.333087981657	0.60359955521318	yes
1024	ENST00000586578.1	1019	207	0.6853	-0.0231544333798	0.019446602066274	no
1025	ENST00000439086.2	870	213	0.6123	0.12191560849	0.042367903944504	no
1026	ENST00000674260.1	715	99	1.2965	0.248760677	0.20522011409284	no
1027	ENST00000592398.1	532	207	0.6853	-0.0231544333798	0.020018539734034	no
1028	ENST00000591712.1	364	207	0.6853	-0.0231544333798	0.02021963814913	no
1029	ENST00000393708.3	1012	561	1.1444	0.377966409017	0.9819813994489	yes
1030	ENST00000492239.5	773	210	0.6961	0.0285515718521	0.029376215022073	no
1031	ENST00000494368.5	584	204	1.1546	-0.112518695255	0.045565328518674	no
1032	ENST00000343376.8	614	336	0.8443	0.291394944368	0.51879625573693	yes
1033	ENST00000453681.1	635	435	1.2264	0.453333172102	0.96814017836644	yes
1034	ENST00000586297.1	428	165	0.8913	-0.278017935219	0.0046135564292602	no
1035	ENST00000591826.1	463	54	1.0041	-0.424648053955	0.0007534755797189	no
1036	ENST00000635536.2	2070	150	1.0387	0.0968395271916	0.063097008764875	no
1037	ENST00000634291.2	583	141	0.7289	-0.157785731056	0.0046814730861019	no
1038	ENST00000645298.1	946	150	1.0387	0.0968395271916	0.06725385456009	no
1039	ENST00000634675.1	1806	150	1.0387	0.0968395271916	0.064051279285727	no
1040	ENST00000647283.1	1633	150	1.0387	0.0968395271916	0.064683890090748	no
1041	ENST00000634731.2	619	114	1.0025	-0.0881139058483	0.012946372532886	no
1042	ENST00000635339.1	493	84	1.0744	0.0331491077286	0.025980888906243	no
1043	ENST00000635176.2	1745	150	1.0387	0.0968395271916	0.064273678022368	no
1044	ENST00000645062.1	1018	150	1.0387	0.0968395271916	0.066980130542085	no
1045	ENST00000645376.1	539	123	1.0475	0.0576878027166	0.04197860810325	no
1046	ENST00000634577.1	563	123	1.0475	0.0576878027166	0.041920042053171	no
1047	ENST00000634942.2	796	117	0.6336	-0.18171031203	0.0022619750445182	no
1048	ENST00000634568.1	603	141	1.0111	0.0195634801459	0.035466140790686	no
1049	ENST00000519716.6	9838	5112	1.3108	0.592505893473	1	yes
1050	ENST00000550896.1	5200	5031	1.3108	0.59937840428	1	yes
1051	ENST00000523229.1	599	399	1.0348	0.347566287107	0.84898698877848	yes
1052	ENST00000517497.2	584	495	1.2999	0.511049511835	0.9907865226619	yes
1053	ENST00000601528.1	1062	312	1.2859	0.541230748438	0.9440410929597	yes
1054	ENST00000246535.4	1157	1077	1.0104	0.243792954409	0.99974174371752	yes
1055	ENST00000587385.6	1227	543	0.69	-0.0126317758617	0.44618315998385	yes
1056	ENST00000587065.2	492	171	0.7088	-0.0747056754119	0.010516939474258	no
1057	ENST00000585821.1	594	204	0.7315	0.126491671739	0.057655484716711	no
1058	ENST00000590510.5	301	156	0.7853	0.34247661267	0.1544666238599	no
1059	ENST00000301244.12	1688	759	1.0224	0.412162080841	0.99737564765199	yes
1060	ENST00000587090.5	1246	609	0.8034	0.393078130616	0.97156505562116	yes
1061	ENST00000590210.1	580	369	0.9664	0.302811191591	0.70952498314754	yes
1062	ENST00000591168.5	581	390	0.9323	0.223824445098	0.62044003921329	yes
1063	ENST00000587682.5	2034	1854	0.6946	0.038759228551	0.99999936062776	yes
1064	ENST00000251269.9	2535	1854	0.6946	0.038759228551	0.99999934087923	yes
1065	ENST00000592350.5	2329	1854	0.6946	0.038759228551	0.99999934907218	yes
1066	ENST00000622072.1	2102	1854	0.6946	0.038759228551	0.99999935798243	yes
1067	ENST00000012049.10	2125	1149	1.2252	0.355802056825	0.99996942787873	yes
1068	ENST00000591606.1	561	366	1.2424	0.260082303341	0.80951474435608	yes
1069	ENST00000592769.1	365	219	1.26	0.306211702524	0.55707716317021	yes
1070	ENST00000340932.7	2492	1347	1.1509	0.409957626568	0.99999675351473	yes
1071	ENST00000601712.5	1394	813	0.9728	0.405419683836	0.99824164840409	yes
1072	ENST00000245222.9	2748	1965	1.1049	0.398745824624	0.99999999485612	yes
1073	ENST00000598088.5	2866	1965	1.1049	0.398745824624	0.99999999481914	yes
1074	ENST00000426514.2	1493	1347	1.1509	0.409957626568	0.9999969445853	yes
1075	ENST00000601704.1	565	399	0.7207	0.425708568786	0.7786446679034	yes
1076	ENST00000593308.1	713	216	0.8112	0.352616880114	0.28333527915145	no
1077	ENST00000599033.1	618	141	0.4653	-0.0748561986358	0.0035323414839293	no
1078	ENST00000599748.5	2683	1857	1.0337	0.398630796779	0.99999997938561	yes
1079	ENST00000598574.1	1786	972	0.5824	0.137494475153	0.99357616172225	yes
1080	ENST00000391821.6	4715	2616	0.8403	0.207696271272	0.99999999995876	yes
1081	ENST00000445728.7	2833	2580	0.9228	0.201407233474	0.99999999995633	yes
1082	ENST00000270617.8	4642	2616	0.8403	0.207696271272	0.99999999995894	yes
1083	ENST00000601364.5	603	234	1.1341	0.40100296486	0.6473281136227	yes
1084	ENST00000594968.1	475	195	1.2581	0.30254169895	0.48324325693745	yes
1085	ENST00000598802.1	1693	498	0.5933	-0.0511161914172	0.21604863880111	no
1086	ENST00000594118.5	740	174	0.8722	-0.0290776680048	0.02384220283431	no
1087	ENST00000596382.1	5255	288	0.4629	-0.381788357436	0.0017117362682136	no
1088	ENST00000602221.5	472	246	0.6903	-0.0577106798162	0.024649940733542	no
1089	ENST00000596674.1	491	246	0.6903	-0.0577106798162	0.024622219461716	no
1090	ENST00000596831.1	664	399	0.9965	0.232520242706	0.6990564545362	yes
1091	ENST00000601945.1	479	237	0.7686	-0.14313281455	0.016403313716335	no
1092	ENST00000415705.3	652	213	0.8362	-0.122626711356	0.017706976386676	no
1093	ENST00000381941.8	1807	888	0.7655	0.425958229222	0.99865725620225	yes
1094	ENST00000304189.6	1856	888	0.7655	0.425958229222	0.99865326069908	yes
1095	ENST00000381939.1	1737	888	0.7655	0.425958229222	0.99866294353735	yes
1096	ENST00000246100.3	1619	888	0.7655	0.425958229222	0.99867247635426	yes
1097	ENST00000541082.2	1614	888	0.7655	0.425958229222	0.99867287878478	yes
1098	ENST00000505691.2	1328	222	0.8255	-0.160944594489	0.014115270385891	no
1099	ENST00000444981.5	454	267	0.6096	0.0477582286948	0.047106773739962	no
1100	ENST00000442440.1	514	0	0	0	0.00029503983005079	no
1101	ENST00000452395.1	505	189	0.7828	0.0136921016405	0.028353870131442	no
1102	ENST00000376105.4	1233	450	1.1561	0.592611297807	0.98577734286706	yes
1103	ENST00000376112.4	983	468	1.1345	0.583887843373	0.98691247596095	yes
1104	ENST00000419593.5	1313	486	0.9122	0.337869708077	0.8979560225749	yes
1105	ENST00000458187.5	673	342	1.1114	0.354312965166	0.80077362920246	yes
1106	ENST00000452133.1	674	414	0.8558	0.348373388752	0.79038020834624	yes
1107	ENST00000356208.10	2393	720	1.3068	0.66655774233	0.99968069240835	yes
1108	ENST00000440234.6	686	366	1.2602	0.728450816107	0.98992504011481	yes
1109	ENST00000344785.10	2193	372	1.1993	0.704404953361	0.98538288161097	yes
1110	ENST00000371219.2	760	477	1.2672	0.604449275506	0.99321653185127	yes
1111	ENST00000525967.5	1917	1488	1.2736	0.509459441282	0.9999997593131	yes
1112	ENST00000525817.5	1780	1428	1.2916	0.541541668818	0.99999965084942	yes
1113	ENST00000356091.11	2191	1572	1.2892	0.54556324414	0.99999992596306	yes
1114	ENST00000529976.5	4684	846	1.1627	0.392247968447	0.99909650081305	yes
1115	ENST00000527587.5	4633	903	1.3	0.473825147087	0.99981550311141	yes
1116	ENST00000527081.1	2061	576	0.7116	-0.0259780786692	0.51744038687448	yes
1117	ENST00000525068.1	768	240	0.9831	0.27872340772	0.34986959066772	no
1118	ENST00000532531.1	1784	549	0.7101	0.211435323151	0.7953514766391	yes
1119	ENST00000481710.5	1220	189	0.7701	-0.279608692003	0.0038568197238886	no
1120	ENST00000399299.5	1033	207	1.1034	-0.0459035874151	0.059645131621599	no
1121	ENST00000399292.8	840	177	0.9469	0.0221793737928	0.042587318206206	no
1122	ENST00000489469.5	780	300	0.688	-0.207510307632	0.016156205774245	no
1123	ENST00000474455.1	1857	288	0.4941	0.159836039459	0.076694073476917	no
1124	ENST00000652570.1	5529	342	0.7881	-0.0391181954638	0.074667052069238	no
1125	ENST00000490220.5	762	306	0.9352	-0.0533885124417	0.09544196546205	no
1126	ENST00000468506.5	752	159	0.9179	0.180391780705	0.087187262203393	no
1127	ENST00000398600.6	3470	1989	1.2813	0.458140237776	0.99999999839074	yes
1128	ENST00000413778.5	887	204	1.1966	0.510686585477	0.76607381544688	yes
1129	ENST00000424365.5	905	591	1.21	0.471752789962	0.99425890172933	yes
1130	ENST00000484465.1	388	48	0.3897	-0.832937774421	6.9517958473712E-6	no
1131	ENST00000417963.5	872	603	1.21	0.474753690599	0.99506229341041	yes
1132	ENST00000398598.8	2776	1989	1.2813	0.458140237776	0.99999999845714	yes
1133	ENST00000441677.5	583	231	1.2368	0.568771979914	0.88147358910475	yes
1134	ENST00000478268.1	3202	360	0.7271	-0.0599574991108	0.075128017806267	no
1135	ENST00000427464.1	281	150	0.4003	0.00855941301958	0.0056078291457683	no
1136	ENST00000288383.10	2733	1989	1.2813	0.440601244755	0.99999999827224	yes
1137	ENST00000619682.1	1980	1527	1.1332	0.405632662891	0.99999951102708	yes
1138	ENST00000486275.1	892	357	1.0998	0.164402232263	0.56210070689034	yes
1139	ENST00000491110.1	516	273	1.0497	0.320752310546	0.55952190634249	yes
1140	ENST00000651438.1	5408	4020	0.9391	0.355119153861	1	yes
1141	ENST00000342220.9	3386	1578	1.0206	0.415833397293	0.99999959140872	yes
1142	ENST00000459895.1	588	291	0.8482	0.165709881867	0.22665392529633	no
1143	ENST00000473212.1	2515	498	1.2183	-0.0311510454692	0.68065527142268	yes
1144	ENST00000640084.1	1382	156	1.014	-0.248492736307	0.0070412277665239	no
1145	ENST00000638287.1	1214	165	0.8614	-0.13603891278	0.010166970596532	no
1146	ENST00000623496.1	228	228	0.6476	-0.0589417905331	0.017984325334233	no
1147	ENST00000263119.10	7233	6663	1.1182	0.435904930836	1	yes
1148	ENST00000405822.6	6952	6426	1.1704	0.437661906011	1	yes
1149	ENST00000445422.5	1472	1083	1.1144	0.368467128367	0.99992186243126	yes
1150	ENST00000398319.6	7480	6663	1.1182	0.435904930836	1	yes
1151	ENST00000496016.1	557	432	1.2164	0.398018980066	0.95210679360418	yes
1152	ENST00000467937.1	593	360	0.7801	0.094401876267	0.2375110578752	no
1153	ENST00000337989.11	2422	1773	1.2093	0.490355216356	0.99999998418449	yes
1154	ENST00000485008.1	771	504	1.1861	0.264886536652	0.94163767930453	yes
1155	ENST00000459824.1	532	186	0.7722	-0.0423292049907	0.018496844330268	no
1156	ENST00000358502.10	2429	1014	1.2388	0.300974433495	0.99981557608108	yes
1157	ENST00000249066.10	2685	1014	1.2388	0.300974433495	0.99981268755127	yes
1158	ENST00000451256.6	1421	1350	1.0918	0.2474838521	0.99998963416495	yes
1159	ENST00000529194.5	611	384	1.2488	0.334756598369	0.89581598745684	yes
1160	ENST00000454728.5	577	222	1.2494	0.424197624054	0.72998810066715	yes
1161	ENST00000476579.1	583	138	1.0648	-0.0869589966724	0.020454745816933	no
1162	ENST00000489186.1	579	162	0.8438	0.0645718335069	0.035466806552132	no
1163	ENST00000463934.1	1081	240	0.7541	0.106534233694	0.076209826702446	no
1164	ENST00000480000.5	812	384	1.105	0.203910022077	0.69501088731409	yes
1165	ENST00000461827.5	803	702	0.9567	0.236180728299	0.98217957613245	yes
1166	ENST00000407997.4	1564	1155	0.8515	0.238189317789	0.99980525897054	yes
1167	ENST00000494150.1	2775	474	0.4843	-0.145664178119	0.070388139295022	no
1168	ENST00000481958.1	2337	474	0.4843	-0.145664178119	0.072148336050372	no
1169	ENST00000467482.6	1645	1215	1.0171	0.252287339517	0.99994459675478	yes
1170	ENST00000447366.5	859	801	1.1104	0.219872543891	0.99572901184334	yes
1171	ENST00000431126.1	587	513	1.2714	0.31726882401	0.97078115964863	yes
1172	ENST00000480178.1	397	180	0.8152	-0.00536574520123	0.025357283820985	no
1173	ENST00000421085.6	6534	2001	1.2575	0.370449093563	0.99999999672659	yes
1174	ENST00000380833.9	6759	2283	1.2377	0.390143361048	0.99999999985299	yes
1175	ENST00000638521.1	4501	1236	1.2242	0.467634957606	0.99999339032925	yes
1176	ENST00000640694.1	5958	3465	1.054	0.506231993264	1	yes
1177	ENST00000642864.1	6037	4467	0.9621	0.432608362088	1	yes
1178	ENST00000640436.1	570	486	1.1111	0.421288355621	0.967564628204	yes
1179	ENST00000639642.1	763	582	1.339	0.450686236567	0.99518831632275	yes
1180	ENST00000640442.1	674	306	1.2952	0.422515879876	0.88387537339047	yes
1181	ENST00000638630.1	861	768	0.7337	0.498140373792	0.99682224808774	yes
1182	ENST00000498281.2	673	315	0.6868	-0.150482256592	0.027445169662024	no
1183	ENST00000639161.1	936	468	0.6135	-0.148042902569	0.10491987105634	no
1184	ENST00000485377.5	835	468	0.6135	-0.148042902569	0.105497188241	no
1185	ENST00000638583.1	722	339	0.9109	0.0559092505302	0.22366578250622	no
1186	ENST00000639543.1	588	126	0.8031	-0.0551721837765	0.0098411246760157	no
1187	ENST00000371979.7	2770	498	0.8839	0.103977240351	0.641713814202	yes
1188	ENST00000610588.4	4175	3180	1.0623	0.0677390644651	0.99999999999989	yes
1189	ENST00000251943.8	3997	2865	0.926	0.0772017906905	0.99999999999516	yes
1190	ENST00000394780.8	4113	3414	0.9594	0.0824084805581	1	yes
1191	ENST00000624161.3	3761	2865	0.926	0.0772017906905	0.99999999999523	yes
1192	ENST00000468657.5	916	186	0.8369	-0.0612694974358	0.01952064403519	no
1193	ENST00000482374.5	679	186	0.8369	-0.0612694974358	0.019797981117197	no
1194	ENST00000492038.5	1098	132	0.5481	-0.0307661925035	0.0053919041158369	no
1195	ENST00000622986.3	582	399	1.0276	0.163670905057	0.6203250766054	yes
1196	ENST00000482742.5	620	186	0.8369	-0.0612694974358	0.019867620849724	no
1197	ENST00000635768.1	100	36	1.0371	-0.288032875957	0.0017316443954126	no
1198	ENST00000490774.2	325	216	0.611	0.151693965073	0.054165656235123	no
1199	ENST00000486578.4	686	630	1.0185	0.00581170447725	0.87116114007697	yes
1200	ENST00000460092.2	520	348	1.0852	0.0425181779364	0.33723699873606	no
1201	ENST00000635824.1	89	3	0.3299	0	0.00088120849939152	no
1202	ENST00000635931.1	100	27	0.7702	-0.966233277999	7.7282061604472E-6	no
1203	ENST00000474121.1	436	42	0.5672	-0.655115991726	3.6706038814444E-5	no
1204	ENST00000487243.1	651	312	1.2579	0.0814589698841	0.43214946238212	yes
