Data ID	Sequence Name	RNA size	ORF size	Ficket Score	Hexamer Score	Coding Probability	Coding Label
0	ENST00000624697.4	787	474	1.2516	0.648697862393	0.99448920473714	yes
1	ENST00000624652.1	657	429	1.2516	0.706168516646	0.99391808253429	yes
2	ENST00000649529.1	637	498	1.2516	0.656344401577	0.9959885959046	yes
3	ENST00000378230.8	6431	2778	1.0185	0.251483562164	0.9999999999966	yes
4	ENST00000484420.1	458	366	0.7964	0.169524558654	0.36676988899515	yes
5	ENST00000438539.5	683	348	0.7928	0.282829396759	0.49560187216389	yes
6	ENST00000461667.1	926	267	0.6597	0.228717372057	0.15662464353706	no
7	ENST00000495701.1	485	390	1.2403	0.303780825336	0.88004690979639	yes
8	ENST00000460038.5	696	405	0.9782	0.0705947534783	0.44500675705028	yes
9	ENST00000494653.5	2174	1665	0.9917	0.22051450089	0.99999941072512	yes
10	ENST00000443466.1	430	348	1.1074	0.442303757235	0.88484650117888	yes
11	ENST00000494951.1	390	384	0.9183	0.0578495741571	0.33143888763136	no
12	ENST00000378223.3	1121	735	0.8438	0.145346845579	0.96746786237908	yes
13	ENST00000481077.6	865	192	1.2533	-0.0664944000104	0.070778584136884	no
14	ENST00000361530.11	2535	2142	1.0345	0.377074188991	0.99999999892159	yes
15	ENST00000465415.1	624	417	1.1651	0.317122449322	0.89361046684581	yes
16	ENST00000374253.9	2538	2163	1.0712	0.380049466775	0.99999999924899	yes
17	ENST00000525687.5	1200	939	1.2715	0.366899654529	0.99977514844953	yes
18	ENST00000531191.5	2673	1368	0.8745	0.357547278383	0.99999118914793	yes
19	ENST00000524529.6	562	105	0.8811	-0.232063334869	0.0031424515503314	no
20	ENST00000531150.5	581	156	1.1416	0.236026155436	0.21410663212163	no
21	ENST00000480617.1	467	132	1.208	-0.150762133409	0.019878658009736	no
22	ENST00000484874.2	642	147	0.7337	-0.00536600831504	0.013697665485185	no
23	ENST00000339145.8	822	417	1.186	0.436684466023	0.95125638204662	yes
24	ENST00000361157.11	812	393	1.1893	0.442313474932	0.94046833889737	yes
25	ENST00000362020.4	828	405	1.2234	0.440710170973	0.95190070864893	yes
26	ENST00000657086.1	1776	132	0.5368	-0.144767567406	0.0023598145844036	no
27	ENST00000623351.1	482	87	0.3995	-0.284624528003	0.00040567429361811	no
28	ENST00000607988.5	454	114	0.4382	-0.133594028398	0.0016634879061524	no
29	ENST00000609636.5	456	168	0.5806	0.0318080990581	0.013734818755349	no
30	ENST00000626430.1	596	192	0.6428	-0.0593028725388	0.011784248256993	no
31	ENST00000656061.1	2292	183	0.8731	-0.396091990464	0.0021730191397403	no
32	ENST00000447959.1	760	165	0.7043	-0.087996542039	0.0087733095641148	no
33	ENST00000630008.2	830	192	0.7423	0.0152950261365	0.025625883191418	no
34	ENST00000627999.1	756	210	0.7304	0.0860682788087	0.047011913922325	no
35	ENST00000625982.1	921	177	0.4176	-0.301146262732	0.00099142804630605	no
36	ENST00000661174.1	439	102	0.627	0.263210738451	0.035130614820098	no
37	ENST00000493985.5	810	225	1.0548	0.363556846992	0.50026209574431	yes
38	ENST00000371975.9	3078	2244	0.9646	0.312893536627	0.99999999929599	yes
39	ENST00000469835.6	670	630	1.0294	0.228609691762	0.96824686117835	yes
40	ENST00000493032.5	627	225	1.0548	0.363556846992	0.50303993139499	yes
41	ENST00000487700.1	472	93	0.5695	-0.205561692507	0.001244300421025	no
42	ENST00000668565.1	238	51	1.1992	-0.272294255518	0.0037213864780201	no
43	ENST00000472889.2	767	498	1.1533	0.298900648597	0.94468687096332	yes
44	ENST00000473251.2	834	597	1.0985	0.20108380181	0.95631667077851	yes
45	ENST00000476687.2	574	219	1.0062	0.331005073661	0.39720792266382	yes
46	ENST00000664182.1	754	294	0.6937	-0.0277093604764	0.048919680583898	no
47	ENST00000661701.1	1467	921	0.9646	0.419189756018	0.99948457369578	yes
48	ENST00000488942.5	1121	810	0.9107	0.42595311647	0.99810419743349	yes
49	ENST00000459678.2	775	468	0.9648	0.474014331489	0.95593094934443	yes
50	ENST00000287899.13	5777	744	0.95	0.285623843225	0.98864750594796	yes
51	ENST00000420054.5	3415	618	1.0855	0.120293788523	0.92970692983925	yes
52	ENST00000490863.5	5643	504	1.0563	0.255531202439	0.88241862076149	yes
53	ENST00000528287.5	2642	504	1.0563	0.255531202439	0.90004747760419	yes
54	ENST00000493530.2	602	459	1.1164	0.338685229283	0.92909984285086	yes
55	ENST00000462299.1	455	57	1.0096	-0.184067654551	0.0038668567889672	no
56	ENST00000497820.1	679	417	0.879	0.285008675432	0.73377902603136	yes
57	ENST00000446900.6	1937	873	0.7669	0.0371344135697	0.97974394094132	yes
58	ENST00000370491.7	1868	1263	0.8766	0.0564935687164	0.99981071647705	yes
59	ENST00000260508.9	1815	1365	0.8737	0.0413653576612	0.99993015000088	yes
60	ENST00000370486.1	1019	786	0.8785	0.0197584957861	0.96194329695708	yes
61	ENST00000370238.8	4883	825	0.8811	0.154797151977	0.98683151091868	yes
62	ENST00000615724.1	3008	759	0.8865	0.177630214154	0.97985935281426	yes
63	ENST00000467772.1	625	360	0.8757	0.0538587015807	0.24312352271972	no
64	ENST00000462183.1	583	63	1.0888	-0.0368687975974	0.013739775059855	no
65	ENST00000618721.4	2823	1356	1.1796	0.368441799894	0.99999638787112	yes
66	ENST00000404129.6	2834	1356	1.1796	0.368441799894	0.99999638545777	yes
67	ENST00000527748.5	4921	1356	1.1796	0.368441799894	0.9999958971399	yes
68	ENST00000616874.1	2459	1356	1.1796	0.368441799894	0.99999646682872	yes
69	ENST00000469383.2	2557	1356	1.1796	0.368441799894	0.99999644574228	yes
70	ENST00000533959.1	595	72	1.0294	0.461149300796	0.25435060401045	no
71	ENST00000526744.1	595	150	0.791	-0.10462575805	0.0088647152773966	no
72	ENST00000486416.1	347	39	1.0316	0.110705775301	0.023565074000768	no
73	ENST00000413052.6	3641	3012	1.2474	0.452137280144	1	yes
74	ENST00000369645.5	3552	3012	1.2474	0.452137280144	1	yes
75	ENST00000369644.5	4100	2844	1.2474	0.448637588693	0.99999999999981	yes
76	ENST00000496577.5	4312	2535	1.2402	0.418806978527	0.99999999999318	yes
77	ENST00000475429.5	582	249	0.8376	0.322522755928	0.33648794020168	no
78	ENST00000468624.5	4689	2703	1.2362	0.424563317076	0.99999999999889	yes
79	ENST00000465579.1	610	171	1.0973	0.432028028983	0.50374276435616	yes
80	ENST00000357443.2	3383	3012	1.2474	0.452137280144	1	yes
81	ENST00000479858.1	400	135	1.3544	0.527785167244	0.74621548762517	yes
82	ENST00000488160.5	896	468	0.6785	0.253124226123	0.67076003818795	yes
83	ENST00000482545.5	380	201	0.9489	0.466275546706	0.52825462755182	yes
84	ENST00000471160.5	493	315	1.0362	0.622091850126	0.93350824449588	yes
85	ENST00000490413.1	1370	354	0.9367	0.422926655261	0.79942033013868	yes
86	ENST00000495374.5	705	120	0.6214	-0.0229745103503	0.006422026585143	no
87	ENST00000494319.1	720	120	0.6214	-0.0229745103503	0.0064162177186415	no
88	ENST00000599640.6	4994	462	0.4473	0.0568859222421	0.16463433510241	no
89	ENST00000628902.1	686	111	1.0597	-0.151645909215	0.0098522036796132	no
90	ENST00000614606.4	513	255	0.474	0.0131896776295	0.021995110888502	no
91	ENST00000596091.5	741	372	0.8978	-0.0721888823626	0.14483254890982	no
92	ENST00000599387.5	774	162	0.4835	-0.239755176231	0.0015682337327865	no
93	ENST00000611452.4	531	231	0.5733	-0.069073098544	0.01356763170407	no
94	ENST00000629702.3	1572	234	0.6228	-0.0906846330879	0.013329675396372	no
95	ENST00000596220.1	573	180	0.7095	0.0417046832369	0.024578067445637	no
96	ENST00000628063.2	845	234	0.6228	-0.0906846330879	0.013922883153287	no
97	ENST00000496508.1	2513	234	0.6228	-0.0906846330879	0.012598744550698	no
98	ENST00000664473.1	5413	315	0.6745	-0.0968755263304	0.028188370957418	no
99	ENST00000665060.1	1247	138	0.7687	-0.292906201293	0.0020267793880058	no
100	ENST00000663970.1	2088	150	0.854	-0.0232970135601	0.016749209179965	no
101	ENST00000602841.5	749	588	0.8871	0.231903243647	0.92644038690668	yes
102	ENST00000461862.5	1094	489	0.8263	0.176138623323	0.707388621344	yes
103	ENST00000368902.1	869	588	0.8871	0.231903243647	0.92594229549864	yes
104	ENST00000368905.9	1913	693	0.8761	0.228482322847	0.97182269542197	yes
105	ENST00000459799.1	619	258	1.1392	0.263915073149	0.49418336409644	yes
106	ENST00000368399.1	517	369	0.9645	0.27487112354	0.66961866273078	yes
107	ENST00000368400.5	396	279	1.0157	0.367935524991	0.626229909733	yes
108	ENST00000341298.3	486	279	1.0157	0.367935524991	0.62494993686814	yes
109	ENST00000367393.8	600	438	0.7126	0.0742412448626	0.33879281845659	no
110	ENST00000436652.1	394	183	1.0593	-0.0656247642821	0.037424234516897	no
111	ENST00000542800.1	341	183	1.0593	-0.0656247642821	0.037540334356671	no
112	ENST00000663818.1	387	105	0.4787	0.0865288301859	0.007319898311601	no
113	ENST00000436779.1	283	93	1.3424	0.145623925504	0.12682129304116	no
114	ENST00000484110.1	2243	366	0.8494	-0.0280679568077	0.1427600314113	no
115	ENST00000649748.1	5606	2208	0.7961	0.0749142224141	0.99999999010117	yes
116	ENST00000404752.5	5511	2208	0.7961	0.0749142224141	0.9999999901581	yes
117	ENST00000406226.1	5614	2208	0.7961	0.0749142224141	0.99999999009636	yes
118	ENST00000233668.9	2555	1446	0.8078	0.35910683423	0.99999540585251	yes
119	ENST00000488613.1	557	240	0.8924	0.0436635698129	0.079897067992754	no
120	ENST00000340004.6	1722	804	0.944	0.343250240312	0.99674219650236	yes
121	ENST00000482206.1	566	126	0.6985	0.0949849566744	0.01894287165713	no
122	ENST00000474924.5	560	513	0.7604	0.32517100035	0.87561696956326	yes
123	ENST00000480318.5	1461	1029	0.8441	0.35100939995	0.99963281034015	yes
124	ENST00000496966.5	856	465	0.9502	0.383283498251	0.91641892840391	yes
125	ENST00000464613.1	1807	1029	0.8441	0.35100939995	0.99962501751541	yes
126	ENST00000650829.1	1063	147	0.9478	-0.0737042634785	0.016613152032848	no
127	ENST00000469800.6	701	147	0.9478	-0.0737042634785	0.016976086034457	no
128	ENST00000650927.1	568	96	0.7422	0.0419214476351	0.011154215791914	no
129	ENST00000651365.1	1007	303	0.6128	-0.0578431643443	0.034269927861844	no
130	ENST00000474753.2	977	336	0.7096	-0.0940062499179	0.051434932605437	no
131	ENST00000651084.1	964	189	0.6074	-0.176862590423	0.0046264702190891	no
132	ENST00000652602.1	829	177	0.791	-0.0692751914716	0.014691807136652	no
133	ENST00000424321.5	2112	351	0.964	0.00834307001536	0.20647522416041	no
134	ENST00000425879.1	2434	276	0.653	-0.10017913166	0.020424350151255	no
135	ENST00000421071.1	482	126	0.8316	-0.0319330712916	0.01259377893515	no
136	ENST00000393256.8	5098	597	0.6294	0.106209394909	0.67413026422854	yes
137	ENST00000615946.4	5026	282	0.6873	-0.0943374650616	0.0215295177794	no
138	ENST00000622509.4	5231	519	0.6884	0.110201394653	0.52180379763783	yes
139	ENST00000619294.4	5132	408	0.7927	0.0701958663681	0.26052443769902	no
140	ENST00000622612.4	4995	408	0.7379	0.0450766062768	0.20214304790437	no
141	ENST00000621302.4	5224	510	0.6797	0.111134530349	0.49230470034934	yes
142	ENST00000620862.4	5044	330	0.7456	0.116969340838	0.15182228767267	no
143	ENST00000393252.3	482	213	0.9988	0.147393116027	0.15291285337854	no
144	ENST00000405953.5	425	339	0.7476	0.0243400373909	0.12478124628497	no
145	ENST00000452231.5	459	249	1.077	0.125214781965	0.22757610736592	no
146	ENST00000361493.10	443	228	1.0062	-0.0574574768249	0.053319623100612	no
147	ENST00000673847.1	3559	2340	1.1487	0.237712114784	0.99999999976348	yes
148	ENST00000361099.8	4116	2253	1.2246	0.244553698635	0.99999999952808	yes
149	ENST00000673762.1	2305	519	1.0626	0.379481645599	0.96152679475243	yes
150	ENST00000540176.6	4020	2253	1.2246	0.244553698635	0.99999999953082	yes
151	ENST00000674081.1	4134	2151	1.1487	0.232819399639	0.99999999804793	yes
152	ENST00000673863.1	2397	828	1.0134	0.259359911268	0.99633809942396	yes
153	ENST00000409465.5	3097	2253	1.2246	0.244553698635	0.99999999955639	yes
154	ENST00000674080.1	2870	2139	1.1811	0.236138020219	0.9999999981812	yes
155	ENST00000674153.1	2789	1911	1.1946	0.220675832958	0.99999997739903	yes
156	ENST00000673841.1	2625	2139	1.1811	0.235734505146	0.99999999820328	yes
157	ENST00000392323.6	2723	2145	1.1811	0.234616665241	0.99999999829354	yes
158	ENST00000673638.1	2451	1101	1.213	0.233895824458	0.99987825069522	yes
159	ENST00000443314.5	4781	1200	1.0033	0.180185920938	0.99986750372052	yes
160	ENST00000441020.7	4503	1200	1.0033	0.180185920938	0.99986972116606	yes
161	ENST00000450366.7	4592	1200	1.0033	0.180185920938	0.99986901533256	yes
162	ENST00000431941.6	1270	1200	1.0033	0.180185920938	0.99989293916552	yes
163	ENST00000431051.5	2506	2109	1.0257	0.120617293214	0.9999999914031	yes
164	ENST00000308696.11	3323	2862	1.0632	0.168237198683	0.99999999999829	yes
165	ENST00000619128.4	3161	2862	1.0632	0.166001368421	0.99999999999828	yes
166	ENST00000467792.1	444	291	0.8942	0.0457039622013	0.13396323138927	no
167	ENST00000477120.1	723	195	0.9209	0.211823079058	0.14924416573724	no
168	ENST00000481003.1	352	156	0.8997	0.24742363215	0.12225690497824	no
169	ENST00000491229.1	546	192	1.0713	0.0678989171011	0.096221483155626	no
170	ENST00000446613.6	2875	795	1.1795	0.15389610209	0.99360519533357	yes
171	ENST00000402259.5	1000	546	1.2871	0.515679345191	0.99448262374292	yes
172	ENST00000402271.5	1018	807	1.3051	0.582194924816	0.99979875751382	yes
173	ENST00000425430.5	1021	468	1.2938	0.624096751833	0.99385898225129	yes
174	ENST00000295757.8	2819	1044	1.2989	0.543541490231	0.99997720912044	yes
175	ENST00000404548.5	577	441	1.044	0.215690614847	0.79254062047998	yes
176	ENST00000404040.5	967	744	1.3051	0.593509679323	0.99963214878335	yes
177	ENST00000458642.5	574	558	1.2402	0.425698555345	0.99013135905663	yes
178	ENST00000405478.5	799	612	1.26	0.561484496119	0.99784407098391	yes
179	ENST00000475818.5	1271	498	1.2848	0.460373059455	0.98643388338551	yes
180	ENST00000522202.5	1559	891	1.26	0.575019071139	0.99989867251817	yes
181	ENST00000434848.5	520	504	1.1312	0.253734104234	0.92757780810108	yes
182	ENST00000437379.2	2766	960	1.266	0.549642153435	0.99993999800208	yes
183	ENST00000487585.5	610	375	1.0857	0.159058977261	0.59431801607043	yes
184	ENST00000498532.5	565	303	1.1519	0.666893253711	0.95957657378445	yes
185	ENST00000295767.9	1603	468	0.935	0.32875550713	0.87803570511525	yes
186	ENST00000396914.4	1433	429	0.917	0.343176619445	0.83219786967505	yes
187	ENST00000420103.1	584	153	0.6647	-0.0907344152572	0.0067678503555352	no
188	ENST00000321169.10	2009	1737	1.0091	0.105575076936	0.99999945833682	yes
189	ENST00000383779.8	1771	669	0.9774	0.0723072218952	0.92936263238016	yes
190	ENST00000451445.6	1734	1491	0.9893	0.116803918808	0.99999247724357	yes
191	ENST00000456194.6	1880	1656	1.0103	0.111702952732	0.99999876561468	yes
192	ENST00000457447.6	1721	1557	1.0091	0.106613583079	0.99999629884034	yes
193	ENST00000422591.5	1637	1146	1.0358	0.0672788354627	0.99962662044363	yes
194	ENST00000421993.5	861	732	1.1875	0.196053346006	0.9917600055041	yes
195	ENST00000469454.1	606	78	0.7828	-0.327305762788	0.00091847319737864	no
196	ENST00000472857.1	558	210	1.2823	0.500527801446	0.81356025391153	yes
197	ENST00000441964.1	2531	1743	1.3104	0.565852832661	0.99999999026391	yes
198	ENST00000344697.3	2547	1743	1.3104	0.565852832661	0.99999999025445	yes
199	ENST00000319017.5	1778	906	0.9549	0.266502789343	0.99825692016804	yes
200	ENST00000430379.5	1576	687	1.0523	0.295160807814	0.98890497841257	yes
201	ENST00000479050.1	694	219	0.7922	0.0307212390891	0.043965660530506	no
202	ENST00000440964.1	1383	756	0.9114	0.225475846376	0.98719503336146	yes
203	ENST00000621029.4	934	642	1.034	0.440496182498	0.99292879940763	yes
204	ENST00000618865.4	2925	2250	1.1795	0.45394236479	0.99999999986887	yes
205	ENST00000619119.4	3158	1422	1.1593	0.405827365979	0.99999849617169	yes
206	ENST00000616701.5	3184	2250	1.1795	0.45394236479	0.9999999998668	yes
207	ENST00000612509.4	1061	615	1.1442	0.471644984111	0.99449677904428	yes
208	ENST00000433753.4	2755	2247	1.1795	0.453624535425	0.99999999986566	yes
209	ENST00000441915.5	2710	1908	1.2005	0.452646489034	0.99999999506911	yes
210	ENST00000456560.6	2221	1221	1.1186	0.427048244685	0.99998767010265	yes
211	ENST00000439487.5	594	228	0.5838	0.00376146008106	0.021693905185724	no
212	ENST00000434030.1	1011	360	1.0583	0.237890822267	0.652424892728	yes
213	ENST00000456210.5	2065	399	1.0052	0.270495923117	0.73804065633472	yes
214	ENST00000419007.5	3283	540	1.0023	0.341909824232	0.95020188798546	yes
215	ENST00000394236.9	3372	2031	0.8149	0.0343173955618	0.99999992780216	yes
216	ENST00000648381.1	3335	1638	0.8638	0.0381743252169	0.99999578229582	yes
217	ENST00000650591.1	3432	2127	0.8168	0.00534945088756	0.99999996911036	yes
218	ENST00000649585.1	776	483	0.7973	-0.0139925079987	0.37536363241492	yes
219	ENST00000472684.2	563	171	0.9326	-0.167452650044	0.011456281525295	no
220	ENST00000488658.1	643	252	0.9988	-0.24327647618	0.020244277783179	no
221	ENST00000648721.1	642	159	0.5637	-0.6146505804	0.00016591001065916	no
222	ENST00000394198.7	4854	1398	1.0184	0.208817693037	0.99998764686813	yes
223	ENST00000506682.5	1297	411	0.9714	0.10005084572	0.49515736990724	yes
224	ENST00000360258.8	2232	1395	1.0184	0.208122156927	0.99998906756187	yes
225	ENST00000503517.1	912	411	0.9714	0.10005084572	0.50100137636107	yes
226	ENST00000503097.1	591	174	0.5238	-0.255139455288	0.0018507029305147	no
227	ENST00000514314.5	1225	843	0.9692	0.208598688243	0.99534625857966	yes
228	ENST00000507612.1	708	141	1.2886	-0.170841739999	0.024252340062332	no
229	ENST00000483209.5	2494	1035	0.9805	0.199288045292	0.99935023025051	yes
230	ENST00000467604.5	5794	906	1.0259	0.237364312207	0.99784370409375	yes
231	ENST00000393765.7	2234	1035	0.9805	0.199288045292	0.99936040099444	yes
232	ENST00000359213.7	2385	1035	0.9805	0.199288045292	0.99935451366901	yes
233	ENST00000480814.5	2107	741	1.1082	0.238350599219	0.99217239283202	yes
234	ENST00000479150.5	615	354	0.8876	0.214955626664	0.47530261656596	yes
235	ENST00000459820.5	582	183	0.763	-0.237571617913	0.0048450542338913	no
236	ENST00000460395.5	620	102	0.9218	0.0127520532601	0.017102117549185	no
237	ENST00000487579.5	582	108	0.8854	0.144045603922	0.037992493340826	no
238	ENST00000356763.8	5016	4077	0.9582	0.0998159519808	1	yes
239	ENST00000511760.1	680	291	0.8828	0.170735026886	0.25143027071024	no
240	ENST00000512362.5	728	615	0.7866	0.0404346584122	0.77669628336584	yes
241	ENST00000508273.5	817	579	0.966	0.0790803136679	0.84167099244218	yes
242	ENST00000507330.5	563	387	0.9001	0.0159883400656	0.2663298860549	no
243	ENST00000512430.1	579	378	0.9001	0.0138685702031	0.24497473303943	no
244	ENST00000504834.1	569	99	1.0566	-0.0608969976219	0.015621377163583	no
245	ENST00000320474.10	3295	996	0.6969	0.0184807378877	0.99169964993102	yes
246	ENST00000651379.1	3481	1356	0.5908	-0.0133004930963	0.9997028100032	yes
247	ENST00000651686.1	3256	996	0.6969	0.0184807378877	0.99171911952504	yes
248	ENST00000651380.1	3400	996	0.6969	0.0184807378877	0.99164700588493	yes
249	ENST00000651689.1	3538	996	0.6969	0.0184807378877	0.99157731276188	yes
250	ENST00000652059.1	3333	996	0.6969	0.0184807378877	0.99168063589723	yes
251	ENST00000652730.1	4218	996	0.6969	0.0184807378877	0.99122538797196	yes
252	ENST00000651791.1	3531	996	0.6969	0.0184807378877	0.99158086176075	yes
253	ENST00000651117.1	3398	996	0.6969	0.0184807378877	0.99164801171508	yes
254	ENST00000651178.1	3392	996	0.6969	0.0184807378877	0.99165102848499	yes
255	ENST00000651282.1	2694	606	0.8416	0.0389182640275	0.76721185652065	yes
256	ENST00000473285.5	2123	996	0.6969	0.0184807378877	0.99226538374444	yes
257	ENST00000651422.1	3786	1242	0.662	-0.0299229269033	0.99907403550793	yes
258	ENST00000652309.1	1116	753	0.6989	0.0373527662974	0.91827024122151	yes
259	ENST00000492353.5	662	195	1.1805	0.0961803273605	0.1564724972209	no
260	ENST00000455926.3	409	117	0.3938	-0.235932663578	0.00076322459522217	no
261	ENST00000630315.2	821	135	0.8931	-0.242175811212	0.0041518375896368	no
262	ENST00000627919.2	615	111	1.0015	-0.0301551828929	0.018224901293771	no
263	ENST00000628601.2	731	204	0.5485	-0.096972841101	0.0077476019082557	no
264	ENST00000627268.1	646	192	0.4511	-0.307123848132	0.0012658931677232	no
265	ENST00000627015.2	662	213	1.0171	0.0426297046509	0.086506077935065	no
266	ENST00000626306.1	428	192	0.9761	-0.189723470371	0.014303852125112	no
267	ENST00000628831.2	507	261	1.0063	-0.0107542448968	0.098403785080247	no
268	ENST00000631299.1	616	201	0.654	-0.352552626658	0.0019577045687432	no
269	ENST00000626586.1	850	390	0.8512	-0.0660675502799	0.15528644016235	no
270	ENST00000596632.1	661	138	0.855	-0.103618672108	0.0095389631071021	no
271	ENST00000596329.3	770	171	0.6494	-0.2171787299	0.0033736586461862	no
272	ENST00000628928.2	387	54	0.8204	-0.206390687623	0.001793861678584	no
273	ENST00000609726.5	339	180	1.0158	-0.281442648598	0.0078606737663865	no
274	ENST00000625690.2	743	390	0.8512	-0.0660675502799	0.15614056287156	no
275	ENST00000628291.2	325	150	0.9328	-0.00544453045381	0.02659672245401	no
276	ENST00000608173.2	588	441	0.6959	-0.0304134429584	0.20117566925405	no
277	ENST00000448637.5	5835	1287	1.0257	0.167063069731	0.99994394828746	yes
278	ENST00000416784.5	612	453	0.9711	0.151680142632	0.69343956248384	yes
279	ENST00000430340.5	521	234	0.6547	-0.0969176007176	0.015046447337062	no
280	ENST00000414139.5	502	279	0.9887	0.0672137224786	0.1735473172199	no
281	ENST00000454789.5	343	195	0.8234	0.0930016984699	0.056876186656057	no
282	ENST00000426274.5	386	198	0.8356	0.0987378130469	0.062838219454979	no
283	ENST00000420410.5	535	333	1.1336	0.0810993122547	0.39366861694747	yes
284	ENST00000618621.4	18277	1839	0.8329	0.210853574385	0.99999958088827	yes
285	ENST00000640853.1	18277	1839	0.8329	0.210853574385	0.99999958088827	yes
286	ENST00000617246.4	18220	1839	0.8329	0.210853574385	0.99999958233629	yes
287	ENST00000457242.1	479	246	0.8785	0.120755236313	0.12911352297903	no
288	ENST00000494233.5	412	147	1.1429	-0.137700318165	0.020819703693275	no
289	ENST00000484468.1	578	147	1.1429	-0.137700318165	0.020615214464055	no
290	ENST00000494044.1	300	123	0.6203	-0.0334277379306	0.0063242105173424	no
291	ENST00000319332.10	3477	2127	1.0216	0.336032386649	0.99999999816625	yes
292	ENST00000427335.6	2963	1584	1.0104	0.263864817112	0.99999894892024	yes
293	ENST00000490940.1	472	207	1.0368	0.271424267119	0.30197833014663	no
294	ENST00000463171.5	754	237	0.7694	0.132271220137	0.091989988220414	no
295	ENST00000482780.1	893	369	0.8453	0.149871010294	0.37374197328379	yes
296	ENST00000470925.1	583	510	1.0809	0.332385100973	0.95130960296843	yes
297	ENST00000475095.1	552	216	1.1932	0.375482184459	0.60658770201502	yes
298	ENST00000444866.5	544	411	1.0968	0.226877243998	0.77863258873484	yes
299	ENST00000382152.7	2370	753	1.0951	0.206766197614	0.99104295351679	yes
300	ENST00000359001.9	2168	567	1.0646	0.135858226132	0.89507039807643	yes
301	ENST00000447367.6	1641	651	1.1064	0.19104797049	0.97286746301976	yes
302	ENST00000382150.8	1645	690	1.036	0.164378405079	0.97349732326448	yes
303	ENST00000509207.1	1301	567	1.0646	0.135858226132	0.89991276514195	yes
304	ENST00000382149.9	984	702	1.0595	0.152356874446	0.9774230233598	yes
305	ENST00000512102.1	421	213	0.5939	0.161199424434	0.052687414747575	no
306	ENST00000515780.6	3296	840	0.83	0.121118684532	0.98511338238011	yes
307	ENST00000449862.7	3178	750	0.8381	0.132496789679	0.96534287745789	yes
308	ENST00000508701.5	566	363	1.046	-0.0682243408527	0.20252525994449	no
309	ENST00000454948.3	403	201	0.8394	-0.0949897994105	0.01911415812816	no
310	ENST00000610318.4	9403	1695	1.2189	0.319351237206	0.99999983147891	yes
311	ENST00000453304.6	9642	2796	0.9497	0.272125268805	0.99999999999632	yes
312	ENST00000506749.5	2220	1794	0.9198	0.20682801277	0.99999979901122	yes
313	ENST00000504962.1	1789	783	1.1573	0.22063018206	0.995287959747	yes
314	ENST00000399132.6	7713	1965	1.221	0.152689853985	0.99999997549037	yes
315	ENST00000642955.1	8026	2091	1.1856	0.14149265261	0.99999999230206	yes
316	ENST00000610288.4	4799	1215	1.0053	0.0441720039818	0.99972491764222	yes
317	ENST00000622134.4	4819	1485	1.2502	0.106443718005	0.99999543330474	yes
318	ENST00000512961.5	316	75	1.1076	-0.304511965576	0.002912854210211	no
319	ENST00000399127.5	2500	1938	1.2609	0.145077055748	0.99999997781636	yes
320	ENST00000399126.1	2674	1929	1.2287	0.14428009854	0.99999997251452	yes
321	ENST00000352981.7	1347	615	0.8462	0.135356381558	0.88318136158394	yes
322	ENST00000265164.7	1634	882	0.7633	0.122838842807	0.98953385538302	yes
323	ENST00000507550.5	892	261	0.5031	0.00884341459272	0.02436117361289	no
324	ENST00000505117.5	774	261	0.5031	0.00884341459272	0.024532045755389	no
325	ENST00000510324.1	643	261	0.5031	0.00884341459272	0.02472311142368	no
326	ENST00000508203.1	543	528	0.9999	0.155339465172	0.85144302969588	yes
327	ENST00000503684.5	587	429	0.7596	0.0981596509525	0.38708011979077	yes
328	ENST00000505486.1	538	243	0.5813	0.0667961716079	0.037873760518908	no
329	ENST00000398965.5	2177	1245	0.6612	0.00678468993353	0.9993602071158	yes
330	ENST00000645843.1	5827	1395	0.6664	0.026310692626	0.99986350884001	yes
331	ENST00000473040.6	2139	1077	0.743	0.0200889380231	0.9972255432971	yes
332	ENST00000444616.5	2129	1245	0.6612	0.00678468993353	0.99936206788318	yes
333	ENST00000388795.9	5450	1149	0.6994	0.0155661179148	0.99815802585166	yes
334	ENST00000513371.1	569	315	0.804	0.0434466383409	0.12866894188703	no
335	ENST00000357545.9	2884	1302	0.9044	0.153333190499	0.99993614079323	yes
336	ENST00000357154.7	2986	1311	0.9385	0.15608447786	0.99994856723127	yes
337	ENST00000504953.5	2900	1302	0.9044	0.153333190499	0.99993607872805	yes
338	ENST00000511531.5	2908	1311	0.9385	0.15608447786	0.99994881023087	yes
339	ENST00000506886.5	2947	1311	0.9385	0.15608447786	0.99994868887491	yes
340	ENST00000535728.5	2007	1035	1.0911	0.147150751553	0.99937120641787	yes
341	ENST00000512648.5	1456	942	0.6006	0.0601549064656	0.9863938577265	yes
342	ENST00000509012.5	564	75	0.4942	-0.376204842667	0.00026082895962344	no
343	ENST00000507869.6	2279	183	0.596	-0.156953311728	0.0044058471547081	no
344	ENST00000669431.1	1303	132	0.611	-0.0934398902989	0.0042947044937782	no
345	ENST00000505537.1	550	129	0.8662	-0.178748829078	0.0055180121829176	no
346	ENST00000513752.5	805	180	0.908	-0.0155515327181	0.030785083923698	no
347	ENST00000315302.6	2260	447	0.5182	0.151476492543	0.31582623262204	no
348	ENST00000505873.1	939	447	0.5182	0.151476492543	0.33340813814114	no
349	ENST00000511052.1	554	225	0.6567	0.063593895421	0.038615944936767	no
350	ENST00000504376.6	4160	2385	0.977	0.193134458937	0.99999999965284	yes
351	ENST00000382254.6	4258	2385	0.977	0.193134458937	0.99999999965077	yes
352	ENST00000522262.1	3028	2265	0.977	0.191789358134	0.99999999880329	yes
353	ENST00000521384.5	2164	1713	1.0095	0.208378325711	0.99999964092671	yes
354	ENST00000517378.1	2843	2385	0.977	0.193134458937	0.99999999967952	yes
355	ENST00000521745.1	566	99	1.2001	-0.0143397040263	0.032769903608878	no
356	ENST00000520668.1	539	111	0.9547	-0.0438946740833	0.014489772851319	no
357	ENST00000504921.7	7281	1422	0.8013	0.20923006822	0.99997821593675	yes
358	ENST00000424173.6	6336	1392	0.7732	0.195233801448	0.99996591571358	yes
359	ENST00000637481.1	6088	1389	0.7765	0.205403547927	0.99996790495498	yes
360	ENST00000636998.1	5936	1326	0.7448	0.231019315882	0.99994138120585	yes
361	ENST00000437473.6	4340	1422	0.8013	0.20923006822	0.99998177837632	yes
362	ENST00000508569.5	1882	1398	0.7765	0.20402027437	0.99997723653999	yes
363	ENST00000627170.2	722	438	0.6647	0.0580349979603	0.28219765124435	no
364	ENST00000510980.1	527	267	0.6888	0.00526470585274	0.045510342460376	no
365	ENST00000515715.2	520	246	0.7569	0.0461279582946	0.058080317365428	no
366	ENST00000637664.1	100	0	0	0	0.00030254811669731	no
367	ENST00000636517.1	100	21	0.6454	-0.963033914248	4.9978978731761E-6	no
368	ENST00000637506.1	100	45	0.9543	-0.398001936289	0.00071260947438914	no
369	ENST00000637531.1	100	12	0.7713	-0.297393312769	0.00054544454619441	no
370	ENST00000635898.1	125	96	0.7458	0.159649860655	0.02486255089416	no
371	ENST00000637801.1	100	60	0.9252	-0.368801420916	0.00092728236325362	no
372	ENST00000629847.1	421	132	0.7053	-0.330769949713	0.0012754394483075	no
373	ENST00000245414.9	3554	978	1.0174	0.418452027696	0.99973101113825	yes
374	ENST00000472045.1	5153	420	0.6805	0.185505944694	0.37613695128712	yes
375	ENST00000405885.6	2061	978	1.0174	0.418452027696	0.9997543173878	yes
376	ENST00000613424.4	821	606	0.849	0.382845766801	0.97341268938773	yes
377	ENST00000437654.5	832	594	1.0516	0.459630642594	0.9901802718034	yes
378	ENST00000459982.5	1231	954	0.8032	0.304023383914	0.99873778589212	yes
379	ENST00000463784.5	520	231	0.7654	0.492179606976	0.50586751170594	yes
380	ENST00000476613.1	523	354	1.1369	0.435487228953	0.89529939513831	yes
381	ENST00000493208.1	1023	165	1.2092	0.0114039765584	0.075820349906562	no
382	ENST00000408923.8	2323	1701	1.2134	0.538273402949	0.99999997536515	yes
383	ENST00000514713.5	817	606	1.1199	0.48007060545	0.99390209681906	yes
384	ENST00000511890.1	1536	1245	1.181	0.514466139982	0.99999578886402	yes
385	ENST00000512000.1	559	411	0.8871	0.314397276987	0.76418888567231	yes
386	ENST00000425155.6	2329	1014	1.0795	0.494127481192	0.99991552167197	yes
387	ENST00000514102.5	875	162	0.8966	-0.139475389441	0.010961589040382	no
388	ENST00000509289.1	414	0	0	0	0.00029683618506489	no
389	ENST00000503044.5	458	39	0.8572	0.0436929172604	0.0088251309272463	no
390	ENST00000506944.1	590	63	0.7348	-0.0174070113315	0.0051797466642051	no
391	ENST00000425316.3	741	210	0.69	0.0126543344127	0.026085670209826	no
392	ENST00000514846.1	543	210	0.6904	0.0235817296036	0.028346089485517	no
393	ENST00000511565.1	502	189	0.8498	0.0562795004078	0.04554871923591	no
394	ENST00000506465.1	421	183	0.8155	0.158104530551	0.07325170616919	no
395	ENST00000292599.4	5748	3051	1.1141	0.318102353458	1	yes
396	ENST00000507385.1	392	264	1.1638	0.242332626871	0.49754518819086	yes
397	ENST00000511027.1	890	549	0.833	0.216967831334	0.86229058140257	yes
398	ENST00000664992.1	336	57	0.8493	-0.307953496689	0.0010417424609275	no
399	ENST00000514487.1	289	57	0.8493	-0.307953496689	0.0010447164913694	no
400	ENST00000508877.1	392	132	1.1418	-0.120974474539	0.019747146788773	no
401	ENST00000379250.10	3727	609	1.0848	0.268341353971	0.96896833707705	yes
402	ENST00000359782.8	3797	879	0.7355	0.233669530206	0.993501903113	yes
403	ENST00000606427.5	571	126	0.9375	-0.0126955925698	0.019694297453041	no
404	ENST00000379262.8	2339	900	0.818	0.243568622907	0.9965635330534	yes
405	ENST00000606117.2	4564	933	0.8054	0.239654813089	0.99705919457813	yes
406	ENST00000637463.1	641	408	0.5235	-0.162144106491	0.041076158208972	no
407	ENST00000377791.3	1654	393	1.2116	0.566361572948	0.97334680434067	yes
408	ENST00000314088.6	1668	393	1.2116	0.566361572948	0.97332474253833	yes
409	ENST00000602637.1	1462	393	1.2116	0.566361572948	0.97364758130549	yes
410	ENST00000455957.5	350	87	0.6513	-0.137533530408	0.0023777142625368	no
411	ENST00000453558.1	732	231	1.1676	0.111037205897	0.22405654873689	no
412	ENST00000497552.5	543	132	0.9448	-0.305732625198	0.0031638689886527	no
413	ENST00000485392.5	567	189	0.7609	0.0152199258863	0.026682197739906	no
414	ENST00000494332.5	493	243	0.5834	0.100734177089	0.047358931771315	no
415	ENST00000475826.1	504	87	0.9096	0.061439149649	0.019391990363923	no
416	ENST00000375040.8	1213	483	0.8675	0.297151280581	0.85056857397171	yes
417	ENST00000487761.5	1460	474	0.8348	0.239303002706	0.75806181262592	yes
418	ENST00000472768.5	1417	414	1.0377	0.216778345818	0.72805493718232	yes
419	ENST00000375043.3	1456	483	0.8675	0.297151280581	0.84868352278566	yes
420	ENST00000619085.1	1177	483	0.8675	0.297151280581	0.85084618852689	yes
421	ENST00000486332.1	2542	423	1.2284	0.417514476118	0.94970728032901	yes
422	ENST00000354258.4	2959	2427	0.993	0.314780432805	0.9999999999127	yes
423	ENST00000645078.1	2170	1644	1.2576	0.373834760108	0.9999998834918	yes
424	ENST00000643923.1	1992	1644	1.2576	0.373834760108	0.99999988474423	yes
425	ENST00000487296.1	1031	231	0.8042	-0.0262468406707	0.035279640974492	no
426	ENST00000374043.6	4229	1335	1.2381	0.698771173119	0.99999953609277	yes
427	ENST00000493633.5	584	363	0.7241	0.437790503357	0.72269396134977	yes
428	ENST00000538621.2	4286	1335	1.2381	0.698771173119	0.99999953448443	yes
429	ENST00000486120.5	855	612	1.2381	0.764761203549	0.99939355524596	yes
430	ENST00000487760.1	668	363	0.7241	0.437790503357	0.72167065196312	yes
431	ENST00000373825.7	4348	1968	1.106	0.185637570496	0.99999997766618	yes
432	ENST00000361690.7	4286	1647	1.0256	0.175968911262	0.99999901824861	yes
433	ENST00000423325.6	4357	1920	1.1093	0.160988333565	0.9999999562721	yes
434	ENST00000505885.1	566	144	0.8764	-0.16874281059	0.0071399188112238	no
435	ENST00000507292.1	634	87	0.5166	-0.480666039547	0.00015919606175189	no
436	ENST00000502969.1	370	276	1.084	0.0971428496333	0.25198017774836	no
437	ENST00000512445.5	559	465	0.9998	0.098628195626	0.66576864167587	yes
438	ENST00000513367.1	634	414	1.028	0.17549271274	0.67464195330642	yes
439	ENST00000507909.1	581	354	0.7628	0.066887365138	0.18746996355935	no
440	ENST00000262043.8	18797	6120	1.0272	0.053515690015	1	yes
441	ENST00000481385.6	2787	2439	1.0392	0.0366724263874	0.99999999958834	yes
442	ENST00000515594.5	3074	2580	1.0452	0.0783169231224	0.99999999993201	yes
443	ENST00000509876.5	7124	5856	1.021	0.049716942449	1	yes
444	ENST00000509330.5	2969	2211	1.0296	0.0351170789152	0.99999999490133	yes
445	ENST00000393387.5	6947	6120	1.0272	0.053515690015	1	yes
446	ENST00000514822.1	486	312	1.0212	0.0947721535659	0.28518847859679	no
447	ENST00000503248.1	529	384	1.0552	0.221099750087	0.68951649852681	yes
448	ENST00000535040.4	3392	1263	1.2514	0.410865571061	0.99999383654373	yes
449	ENST00000369750.4	2890	1263	1.2514	0.410865571061	0.99999402157484	yes
450	ENST00000543496.3	2881	1263	1.2514	0.410865571061	0.99999402484094	yes
451	ENST00000656997.1	2577	210	0.774	-0.225763421819	0.0064216780483621	no
452	ENST00000437768.1	733	180	0.5376	-0.0731090434692	0.006767158220526	no
453	ENST00000655239.1	1076	153	0.7961	0.0561159436214	0.025674928904856	no
454	ENST00000539200.5	3600	1656	1.0704	0.197898323553	0.99999935784284	yes
455	ENST00000544166.5	2864	531	0.8707	0.0123245027266	0.57133066228683	yes
456	ENST00000369261.9	3698	1863	1.0289	0.195898713016	0.99999992045221	yes
457	ENST00000620278.1	2642	471	0.8904	0.031193988615	0.45972290280215	yes
458	ENST00000447886.1	791	408	1.2321	0.321270375861	0.90539104637231	yes
459	ENST00000439090.7	2093	1563	0.8964	0.123747406512	0.99999548531531	yes
460	ENST00000368134.6	2377	1563	0.8964	0.123747406512	0.99999540678904	yes
461	ENST00000457563.6	1877	1635	0.8997	0.119505689058	0.999997917814	yes
462	ENST00000437477.6	2028	1563	0.8964	0.123747406512	0.99999550309824	yes
463	ENST00000528422.5	558	366	1.0005	0.190112173536	0.55602129204175	yes
464	ENST00000526886.5	454	354	1.0731	0.231623963477	0.6465228324881	yes
465	ENST00000533296.5	1436	714	1.0137	0.147853090584	0.97579390554434	yes
466	ENST00000524930.1	929	789	0.9117	0.0871920800796	0.97848631546562	yes
467	ENST00000532309.5	679	630	1.1413	0.194132303351	0.9718293146856	yes
468	ENST00000531544.5	592	519	0.9354	0.122748186789	0.77344126844894	yes
469	ENST00000529119.1	439	96	0.7364	-0.695756782799	8.5612468867948E-5	no
470	ENST00000648980.1	1721	240	0.9927	0.333459969413	0.42900321063605	yes
471	ENST00000482817.1	460	225	0.8684	0.362779602934	0.36158493083852	no
472	ENST00000406755.5	2372	582	1.2872	0.412474096672	0.99199095130951	yes
473	ENST00000404774.7	2415	813	1.2066	0.386164935902	0.99898015562648	yes
474	ENST00000401401.7	2335	741	1.2221	0.431966384361	0.9984448124986	yes
475	ENST00000612910.1	778	582	1.2872	0.412474096672	0.99272440394717	yes
476	ENST00000670440.1	819	132	0.5553	-0.17058796462	0.0022354969759471	no
477	ENST00000433446.1	769	132	0.5553	-0.17058796462	0.0022422788528018	no
478	ENST00000446309.1	338	132	0.5553	-0.17058796462	0.0023015963117787	no
479	ENST00000440208.2	694	255	0.4689	-0.186971375291	0.0058047242919246	no
480	ENST00000668672.1	896	132	0.6494	-0.236801577835	0.0019320430881083	no
481	ENST00000661717.1	1860	171	0.6139	-0.0609499195811	0.0078871035798798	no
482	ENST00000670086.1	673	126	0.687	-0.0689606707075	0.0062290996882269	no
483	ENST00000658357.1	489	174	0.4963	-0.147045669467	0.0034812932294319	no
484	ENST00000449022.7	5768	3891	0.9934	0.147822309254	1	yes
485	ENST00000313070.11	6065	3903	0.9934	0.149458746887	1	yes
486	ENST00000462699.5	2238	1410	0.8678	0.115598632351	0.99997250603443	yes
487	ENST00000412584.6	4308	3768	0.9934	0.151830700081	1	yes
488	ENST00000397721.4	2826	2640	0.9174	0.0990010396228	0.99999999995437	yes
489	ENST00000476131.1	572	159	0.9445	0.00505686011069	0.031934679056213	no
490	ENST00000440172.5	12379	5805	0.9172	0.248329265576	1	yes
491	ENST00000422774.2	12498	5853	0.9172	0.244933591944	1	yes
492	ENST00000448464.6	5631	495	0.881	0.0870788694144	0.56364716199938	yes
493	ENST00000342697.5	5605	723	0.9266	0.0631894060558	0.93750672267252	yes
494	ENST00000520368.5	653	132	0.7884	0.0257337230476	0.016916882262649	no
495	ENST00000519418.5	569	438	0.7835	-0.00585592430701	0.27430897481812	no
496	ENST00000287380.6	3478	3201	0.8902	0.0393332808044	0.99999999999982	yes
497	ENST00000327098.9	2985	2913	0.8613	0.0261555738339	0.99999999999536	yes
498	ENST00000522420.5	3167	2886	0.9226	0.0311437326031	0.99999999999498	yes
499	ENST00000518099.5	1159	1050	0.6839	-0.00121086184557	0.99515904431165	yes
500	ENST00000521676.5	3256	2832	0.9226	0.0336255404184	0.9999999999911	yes
501	ENST00000524307.5	3101	1935	0.6456	-0.032615943025	0.9999994690152	yes
502	ENST00000522276.1	879	741	0.6239	-0.0488593247703	0.81740532681461	yes
503	ENST00000518684.1	605	204	0.4405	-0.0573454073915	0.007227299121294	no
504	ENST00000521980.1	2552	585	0.5433	-0.105172469028	0.28610333835101	no
505	ENST00000521914.1	2398	297	1.0231	-0.0113379596651	0.13104453758926	no
506	ENST00000518805.5	2201	1863	0.9877	0.0583754741026	0.99999979502241	yes
507	ENST00000518577.1	864	723	0.9364	0.042759458007	0.94744631097476	yes
508	ENST00000518866.2	1289	795	1.2036	0.210367770749	0.99628156108782	yes
509	ENST00000648733.1	4459	330	0.8762	-0.0822359203817	0.069800188664398	no
510	ENST00000657742.1	4163	357	0.5368	0.0310731396055	0.069258499215228	no
511	ENST00000653026.1	4277	357	0.5368	0.0310731396055	0.068813628689752	no
512	ENST00000667661.1	3840	204	0.6175	0.0527898506035	0.021128595242714	no
513	ENST00000671040.1	4519	357	0.5368	0.0310731396055	0.067878013962904	no
514	ENST00000653709.1	3146	189	0.8476	-0.387395317869	0.002152122375125	no
515	ENST00000416826.6	3167	330	0.8762	-0.0822359203817	0.075068798540922	no
516	ENST00000655564.1	1969	204	0.6175	0.0527898506035	0.023610534747126	no
517	ENST00000668403.1	1571	330	0.8762	-0.0822359203817	0.082080624900014	no
518	ENST00000657269.1	1754	204	0.6175	0.0527898506035	0.023913359786668	no
519	ENST00000424605.5	746	192	1.022	0.00802557184973	0.057200861647015	no
520	ENST00000485616.5	2437	573	0.9554	0.147811062541	0.87302415749407	yes
521	ENST00000461761.5	1747	1179	0.7234	0.0633426593516	0.99927969416196	yes
522	ENST00000486047.5	1843	657	0.7285	-0.0266471002542	0.73252180463024	yes
523	ENST00000381890.9	1295	876	0.7811	0.0514874508357	0.98353043684131	yes
524	ENST00000475086.5	1444	1005	0.7557	0.045806744723	0.99531168704738	yes
525	ENST00000406861.6	1854	810	0.5755	-0.0168032662963	0.90424003929796	yes
526	ENST00000498087.5	589	255	1.0698	0.00417609768652	0.12059096413455	no
527	ENST00000451763.6	4073	492	0.9917	0.127310517781	0.71739636551588	yes
528	ENST00000471669.1	513	300	1.0004	0.162579302829	0.33896550825498	no
529	ENST00000336755.9	2619	1632	0.7889	0.146861905789	0.99999733976034	yes
530	ENST00000534928.5	2828	1632	0.7889	0.146861905789	0.99999730578642	yes
531	ENST00000322831.6	1219	621	1.1329	0.276385098856	0.98068714429715	yes
532	ENST00000461038.5	2793	1632	0.7889	0.146861905789	0.99999731150593	yes
533	ENST00000488607.5	884	474	0.6853	-0.00238562265807	0.29143971183651	no
534	ENST00000463625.6	732	306	0.8941	0.0545556579264	0.15928670451225	no
535	ENST00000481507.5	903	285	1.0779	0.160391759158	0.34871211215483	no
536	ENST00000496099.1	721	180	0.9619	0.180428342996	0.1212061537787	no
537	ENST00000643713.1	490	15	0.9319	0.740162674564	0.46266921196691	yes
538	ENST00000606364.5	591	402	1.1885	0.369211605413	0.91570940637569	yes
539	ENST00000648087.1	5085	1752	0.9273	0.344349101517	0.99999985162273	yes
540	ENST00000647986.1	2868	2553	0.951	0.309069957182	0.99999999997366	yes
541	ENST00000377245.9	4503	3573	0.9228	0.328018997039	1	yes
542	ENST00000539225.2	3838	3666	0.9228	0.312439166114	1	yes
543	ENST00000648153.1	573	435	0.8399	0.234358722598	0.68084629638347	yes
544	ENST00000648042.1	2771	1896	1.046	0.250635831398	0.99999996525069	yes
545	ENST00000649927.1	3374	897	1.1332	0.268184187593	0.99880385737365	yes
546	ENST00000498204.2	4685	450	1.1938	0.416506875113	0.95187926626393	yes
547	ENST00000650353.1	3282	633	1.1728	0.420062393581	0.99334656440285	yes
548	ENST00000454393.5	1210	426	1.0127	0.119921758837	0.60085910746014	yes
549	ENST00000533522.1	1623	426	1.0127	0.119921758837	0.59483008047956	yes
550	ENST00000376419.5	936	564	0.9928	0.218731369883	0.92466985587212	yes
551	ENST00000530832.5	607	270	0.9609	0.211978332466	0.31089928709826	no
552	ENST00000405990.3	629	426	1.0127	0.119921758837	0.60928874553078	yes
553	ENST00000376417.8	511	408	0.9859	0.1965022771	0.66335749238637	yes
554	ENST00000259455.4	5499	2826	1.271	0.45434900005	0.99999999999977	yes
555	ENST00000637410.1	2541	2379	1.2708	0.460305325862	0.99999999997714	yes
556	ENST00000636575.1	148	69	1.2092	0.24634508622	0.12629233152554	no
557	ENST00000634314.1	558	513	1.2344	0.289040526334	0.96092524760476	yes
558	ENST00000634919.1	831	336	0.8956	0.108447007679	0.27196462407553	no
559	ENST00000373896.8	4149	1743	1.0051	0.425894806391	0.9999999293749	yes
560	ENST00000419155.5	3525	1116	0.9424	0.399004908953	0.99991306825704	yes
561	ENST00000616568.5	4113	1800	1.0051	0.420473587011	0.99999996056211	yes
562	ENST00000487555.5	1092	585	1.1401	0.368455973272	0.98487980375976	yes
563	ENST00000462229.1	550	273	0.6903	0.279251487056	0.23756661674503	no
564	ENST00000464712.1	553	57	0.7437	-0.118919893582	0.0025663533435088	no
565	ENST00000467266.1	566	255	1.1066	-0.0568921790107	0.093381747755745	no
566	ENST00000453868.5	565	519	1.1779	0.440720953681	0.98354941915556	yes
567	ENST00000474402.5	578	156	1.3113	0.297893409723	0.41132267914095	yes
568	ENST00000478371.1	506	156	1.3113	0.297893409723	0.41238164379279	yes
569	ENST00000439674.1	556	180	1.2027	0.3977698262	0.55490990741771	yes
570	ENST00000436309.5	558	495	1.0702	0.425563261933	0.96749403035221	yes
571	ENST00000312189.10	836	624	0.9526	0.320985442501	0.97613412323557	yes
572	ENST00000223642.3	5464	5031	0.7974	0.0508680985257	1	yes
573	ENST00000480188.1	619	291	0.8213	0.0381497182507	0.1037800090217	no
574	ENST00000489802.1	382	72	0.9492	-0.205682792342	0.0032777402884091	no
575	ENST00000466280.1	540	231	0.5171	0.00181120444796	0.018065473760331	no
576	ENST00000460578.1	521	303	0.7413	-0.0343932914101	0.060056187555072	no
577	ENST00000434663.5	556	216	0.8718	-0.00534865625163	0.043459606490191	no
578	ENST00000373823.7	3341	2196	1.2019	0.568489936638	0.99999999989452	yes
579	ENST00000432226.5	1042	780	1.3156	0.662217818753	0.99984605534063	yes
580	ENST00000373808.8	2664	2229	1.1914	0.556922051044	0.99999999992095	yes
581	ENST00000477863.5	716	648	1.26	0.649088255836	0.99918380034065	yes
582	ENST00000449733.7	2702	2304	1.2715	0.551145721769	0.99999999997156	yes
583	ENST00000483960.5	802	399	1.315	0.604863668265	0.98652722117376	yes
584	ENST00000394353.7	2311	2247	1.2019	0.564881114687	0.99999999994153	yes
585	ENST00000545652.6	2428	2220	1.1914	0.563522184264	0.99999999991778	yes
586	ENST00000373818.8	2657	2349	1.2039	0.552591893151	0.99999999997864	yes
587	ENST00000485767.1	6454	375	1.3104	0.36411652966	0.88962186135863	yes
588	ENST00000373807.5	2823	1458	1.282	0.506275114673	0.99999965015492	yes
589	ENST00000373806.1	879	624	1.165	0.488753877718	0.99586272667035	yes
590	ENST00000561457.2	2804	441	0.5657	0.121468169139	0.28499732932954	no
591	ENST00000557985.2	1981	420	1.2092	0.641925974569	0.98739854408885	yes
592	ENST00000418388.6	2827	441	0.5657	0.121468169139	0.28471283924078	no
593	ENST00000447934.1	648	198	0.6718	-0.151324620717	0.0075107803846184	no
594	ENST00000612553.4	1174	774	0.7306	0.182251570732	0.97584669074599	yes
595	ENST00000619192.4	416	390	0.717	0.0462211950502	0.2062558759883	no
596	ENST00000371717.8	2086	1578	1.1549	0.404232550515	0.99999973268942	yes
597	ENST00000614402.4	505	210	0.7841	-0.0765580129241	0.019860348012775	no
598	ENST00000620895.1	583	231	0.9885	-0.100935703061	0.039339274666745	no
599	ENST00000462616.1	3341	609	1.1987	0.39236853111	0.99044805481623	yes
600	ENST00000444897.2	2316	783	1.1744	0.355027396135	0.99809618618422	yes
601	ENST00000610727.1	3077	2013	1.0759	0.286697997411	0.99999999283126	yes
602	ENST00000397176.6	3096	1932	1.0056	0.273627756434	0.99999997657499	yes
603	ENST00000539722.5	3224	1746	1.1146	0.278107518987	0.9999998784288	yes
604	ENST00000263125.10	3255	2121	1.1146	0.286508089301	0.99999999800122	yes
605	ENST00000307116.6	2727	1605	1.0671	0.117175464325	0.99999818006208	yes
606	ENST00000373008.6	2727	1605	1.1281	0.123732069086	0.99999856113579	yes
607	ENST00000394890.6	2844	1605	1.0671	0.117175464325	0.9999981670871	yes
608	ENST00000440381.5	2790	1551	1.0995	0.124161297302	0.99999717492483	yes
609	ENST00000263556.3	2844	1605	1.1281	0.123732069086	0.99999855087763	yes
610	ENST00000464310.2	415	201	1.0332	-0.154549503146	0.023589417892556	no
611	ENST00000638429.1	5632	1599	0.6769	0.147719404849	0.99999354806478	yes
612	ENST00000372037.8	6417	1599	0.6769	0.147719404849	0.99999323309474	yes
613	ENST00000636056.1	3233	1599	0.6769	0.147719404849	0.99999442263065	yes
614	ENST00000635816.1	3238	1599	0.6769	0.147719404849	0.99999442093715	yes
615	ENST00000480152.2	421	123	0.7269	0.0493341823654	0.01502339372473	no
616	ENST00000668345.1	818	183	0.8795	-0.0224266950345	0.027848057191371	no
617	ENST00000662946.1	503	183	0.8795	-0.0224266950345	0.028370558370447	no
618	ENST00000432246.1	609	102	0.8422	0.136252202634	0.029732501117882	no
619	ENST00000370584.7	3372	2337	1.0408	0.0884834131633	0.99999999909186	yes
620	ENST00000298999.7	3379	2337	1.0408	0.0884834131633	0.99999999909148	yes
621	ENST00000370586.6	941	555	0.9363	0.205179090087	0.89500805467621	yes
622	ENST00000613938.4	1397	555	0.9363	0.205179090087	0.89237768374011	yes
623	ENST00000612478.4	3337	2379	1.0408	0.0887294802541	0.99999999942547	yes
624	ENST00000314594.6	3198	2337	1.0408	0.0884834131633	0.99999999910141	yes
625	ENST00000529568.5	1952	1050	1.0242	0.207696254298	0.99955905322998	yes
626	ENST00000527595.5	1423	579	0.8444	0.231111320378	0.90513541338716	yes
627	ENST00000557395.5	1234	519	0.9716	0.251561197939	0.89595662818762	yes
628	ENST00000528174.5	538	216	1.1127	0.429526016007	0.63128552489427	yes
629	ENST00000533549.1	582	216	1.1127	0.429526016007	0.63066345083509	yes
630	ENST00000523148.5	844	219	0.8052	0.208733303637	0.13327213677858	no
631	ENST00000318325.6	2134	648	1.1571	0.420702371528	0.99447385442335	yes
632	ENST00000476012.5	539	75	0.8721	0.0225161324251	0.011774339732864	no
633	ENST00000299179.9	747	609	1.1097	0.420654851312	0.9910405066888	yes
634	ENST00000342071.5	894	708	0.99	0.410399915175	0.99514883729166	yes
635	ENST00000370236.5	866	480	1.158	0.535908139816	0.9854687888256	yes
636	ENST00000493646.1	897	102	0.7698	0.0563071755847	0.013951366314503	no
637	ENST00000318364.12	1010	480	1.158	0.535908139816	0.9853430489378	yes
638	ENST00000477279.1	903	135	0.9813	0.384784896078	0.25570238705281	no
639	ENST00000487059.1	810	594	1.1415	0.470148589483	0.99308233349038	yes
640	ENST00000519649.5	2024	1566	0.9176	0.350612274669	0.99999908949754	yes
641	ENST00000521006.5	4656	2517	0.9075	0.351145103469	0.99999999996237	yes
642	ENST00000370250.8	3596	2517	0.9075	0.351145103469	0.99999999996471	yes
643	ENST00000210633.3	4094	2532	0.9075	0.347768931001	0.99999999996838	yes
644	ENST00000519756.1	728	624	0.747	0.297715708973	0.94873325405314	yes
645	ENST00000518948.1	376	87	0.6507	-0.200385348417	0.0015659821903679	no
646	ENST00000484128.2	714	300	0.7147	-0.0677199051422	0.043177167035367	no
647	ENST00000613292.1	1171	384	0.6315	-0.126951927933	0.053638386326384	no
648	ENST00000361384.7	4450	3123	0.7854	0.00447713924957	0.99999999999923	yes
649	ENST00000369305.1	4241	3123	0.7854	0.00447713924957	0.99999999999924	yes
650	ENST00000476112.1	707	75	0.4404	-0.315301268627	0.00032642238224829	no
651	ENST00000425490.5	812	609	1.1696	0.320437685985	0.9856368103683	yes
652	ENST00000379965.8	2888	1497	0.8664	0.211021273273	0.9999940272115	yes
653	ENST00000460454.1	926	480	0.9035	0.21405908008	0.78390282809018	yes
654	ENST00000454828.5	1002	915	1.2127	0.301776203337	0.99946764420967	yes
655	ENST00000480395.5	2008	729	0.8551	0.201601624612	0.97541315586883	yes
656	ENST00000493494.1	460	399	0.7118	0.108346364479	0.29751279095886	no
657	ENST00000450670.5	508	375	0.9196	0.139348256635	0.43438584454354	yes
658	ENST00000531187.5	3089	411	1.1436	0.256926462202	0.80978727916079	yes
659	ENST00000336930.11	5212	1041	0.9946	0.178358241301	0.99921118784674	yes
660	ENST00000449567.6	1487	651	0.7579	0.110646515506	0.87686245275284	yes
661	ENST00000405855.6	647	480	1.0584	0.200855633515	0.84618802270707	yes
662	ENST00000533227.5	5016	783	1.027	0.129725419788	0.98444019307477	yes
663	ENST00000620308.1	4981	783	1.027	0.129725419788	0.98447271197456	yes
664	ENST00000528970.1	457	72	0.6811	-0.561550141544	0.00013449823588199	no
665	ENST00000257245.9	668	273	1.0057	0.469788111482	0.7456884998382	yes
666	ENST00000525587.1	486	273	1.0057	0.469788111482	0.74777844164801	yes
667	ENST00000525158.1	530	273	1.0057	0.469788111482	0.74727422584984	yes
668	ENST00000534647.2	2355	1713	1.116	0.372222860019	0.99999991187722	yes
669	ENST00000531074.1	580	279	1.0001	0.482191902297	0.77034528198336	yes
670	ENST00000544997.5	1006	858	1.2954	0.5682360961	0.99986901333732	yes
671	ENST00000345728.9	2481	1992	1.3134	0.636225459255	0.99999999959072	yes
672	ENST00000541252.1	714	309	1.35	-0.144916889169	0.18025685621304	no
673	ENST00000541326.5	890	498	1.2226	0.474251807276	0.9853110100691	yes
674	ENST00000546255.1	564	285	0.9225	0.0597803808984	0.14720885879498	no
675	ENST00000540957.1	588	111	1.0173	0.258685702263	0.11627024886506	no
676	ENST00000545896.1	911	546	0.9984	0.440042771512	0.97797392478845	yes
677	ENST00000540554.1	379	210	1.35	0.75934299	0.9678823432035	yes
678	ENST00000531072.1	1362	1077	1.2426	0.562952698991	0.99998466947915	yes
679	ENST00000533017.1	755	273	1.1939	-0.0758662200266	0.12555190298328	no
680	ENST00000398846.6	1563	720	1.2046	0.504168530903	0.99877814052376	yes
681	ENST00000652489.1	1261	1077	1.2426	0.562952698991	0.99998476320556	yes
682	ENST00000674184.1	1366	672	1.248	0.540027353275	0.99860334293292	yes
683	ENST00000526951.1	453	192	1.0336	-0.113946781393	0.027831428895218	no
684	ENST00000528650.1	480	195	0.8574	-0.0642918133486	0.02301477317438	no
685	ENST00000312419.8	1694	324	1.2274	0.45581145684	0.89744361569064	yes
686	ENST00000529704.5	1486	165	0.6912	-0.0510217701592	0.01026856489724	no
687	ENST00000533429.1	860	165	0.6912	-0.0510217701592	0.010662142052374	no
688	ENST00000530584.5	899	165	0.6912	-0.0510217701592	0.010637191977976	no
689	ENST00000532830.5	904	165	0.6912	-0.0510217701592	0.01063399743038	no
690	ENST00000534515.1	1793	240	1.1366	0.215980379803	0.35118898953274	no
691	ENST00000528087.1	1701	270	1.1574	0.410261327921	0.74349279893075	yes
692	ENST00000531239.2	584	165	0.6912	-0.0510217701592	0.010840373910031	no
693	ENST00000542982.1	809	231	1.0273	0.272249075626	0.34903599253604	no
694	ENST00000529000.1	543	105	1.0464	0.332778981127	0.18097673143212	no
695	ENST00000409709.9	7483	6648	1.315	0.628124695639	1	yes
696	ENST00000620575.4	4016	3597	1.2697	0.64475733173	1	yes
697	ENST00000458637.6	7336	6528	1.2952	0.642357183737	1	yes
698	ENST00000409619.6	7106	6501	1.2952	0.644494921196	1	yes
699	ENST00000669443.1	299	198	1.0965	-0.117165333333	0.035476487507807	no
700	ENST00000670577.1	4966	3189	1.2715	0.615964817145	1	yes
701	ENST00000481328.7	5740	2361	1.2715	0.53436810745	0.99999999997937	yes
702	ENST00000458169.2	4616	3984	1.2895	0.630997252252	1	yes
703	ENST00000467137.1	768	282	1.3518	0.381548746902	0.84181767495163	yes
704	ENST00000605744.1	2705	471	1.2164	0.355447635793	0.95256784041696	yes
705	ENST00000534150.5	959	225	0.8381	-0.0464143512184	0.032430955825166	no
706	ENST00000525260.5	891	90	0.9468	-0.00187337006784	0.014549923541845	no
707	ENST00000581173.2	722	177	0.4545	0.107618198672	0.016487871026133	no
708	ENST00000540184.5	978	513	0.942	0.225220730377	0.86257509788772	yes
709	ENST00000544943.5	548	411	1.2009	0.260700606327	0.85910386139644	yes
710	ENST00000538354.5	1229	510	1.1054	0.262889142195	0.9276586472552	yes
711	ENST00000545331.5	1373	801	1.1061	0.262655073122	0.99662970713065	yes
712	ENST00000448120.7	3080	1329	1.1911	0.262312081706	0.999990451394	yes
713	ENST00000538704.1	449	270	1.2609	0.288340241908	0.65935838909395	yes
714	ENST00000544915.5	6785	1809	0.7829	0.0144837157715	0.99999876561343	yes
715	ENST00000395901.6	1954	1800	0.8309	0.0138083513511	0.99999912348915	yes
716	ENST00000311001.9	1888	1869	0.7862	0.00951899263024	0.99999950985509	yes
717	ENST00000261178.9	1843	1767	0.7862	0.00745354575699	0.99999850721774	yes
718	ENST00000457040.6	1959	1719	0.7328	-0.0138410269621	0.99999656155042	yes
719	ENST00000539558.1	303	276	0.4839	0.0758506469047	0.042693497846457	no
720	ENST00000542388.1	1720	1656	0.7328	-0.00884003000509	0.99999352062905	yes
721	ENST00000308197.9	1652	744	0.8009	0.277340962442	0.98514148285803	yes
722	ENST00000551566.1	654	285	0.8318	0.177145322067	0.21887985227387	no
723	ENST00000551911.5	1332	531	0.8971	0.194779365238	0.84129556231099	yes
724	ENST00000433805.6	1410	648	1.0003	0.298078244693	0.98081783681782	yes
725	ENST00000546614.1	707	189	0.8785	0.197342986453	0.1157545201122	no
726	ENST00000546544.5	1369	693	0.9213	0.250250410175	0.97935510678746	yes
727	ENST00000549545.1	1546	456	1.0043	0.320661830213	0.88204905024679	yes
728	ENST00000549419.6	2654	201	0.7406	0.0253527474389	0.026842131867567	no
729	ENST00000550216.1	494	198	0.6876	-0.128237672936	0.0092627085595728	no
730	ENST00000656495.1	5234	162	0.9215	-0.0845580996941	0.013045446651049	no
731	ENST00000670041.1	864	162	0.9215	-0.0845580996941	0.01694245881447	no
732	ENST00000549651.1	883	162	0.9215	-0.0845580996941	0.016923254965779	no
733	ENST00000553135.1	452	72	1.1723	0.398518412277	0.26281444360748	no
734	ENST00000321196.8	5669	2511	0.8479	0.116725172161	0.99999999975792	yes
735	ENST00000548305.5	2682	1914	0.7816	0.0466195692632	0.99999974889173	yes
736	ENST00000546590.2	4527	1776	0.9456	0.155036829645	0.99999963539183	yes
737	ENST00000549919.1	6211	2493	0.7732	0.0989992649968	0.99999999956797	yes
738	ENST00000552951.7	23524	558	0.903	0.214262665848	0.68125043583312	yes
739	ENST00000622317.5	1078	636	0.8566	0.179173329553	0.93010231855837	yes
740	ENST00000547750.2	1279	636	0.8566	0.179173329553	0.92930470758772	yes
741	ENST00000280749.5	459	204	0.6783	0.195561689803	0.076082172494369	no
742	ENST00000612117.4	1329	243	0.6038	-0.219339180973	0.0060512817987375	no
743	ENST00000443585.6	1311	243	0.6038	-0.219339180973	0.0060578589773755	no
744	ENST00000546866.1	768	189	0.9348	-0.246678655664	0.0082300023577317	no
745	ENST00000548336.1	802	243	0.6038	-0.219339180973	0.0062468169213678	no
746	ENST00000619381.4	895	474	0.5388	0.153192776066	0.42014760377371	yes
747	ENST00000343075.7	1030	786	0.9479	0.242278415461	0.99272809234201	yes
748	ENST00000429722.3	1180	786	0.9479	0.242278415461	0.99266204709575	yes
749	ENST00000440112.2	574	474	0.5388	0.153192776066	0.42490323711292	yes
750	ENST00000543444.1	834	126	0.8001	0.0130845408702	0.014994016151098	no
751	ENST00000536358.1	1049	363	0.7791	0.24294507167	0.45412449209611	yes
752	ENST00000536720.1	1068	423	0.6661	0.065007823656	0.25610087772147	no
753	ENST00000652466.1	3828	264	0.986	0.477179937772	0.68427320288546	yes
754	ENST00000541002.7	1110	333	0.784	-0.0898367551769	0.063337031598298	no
755	ENST00000542427.6	519	153	0.983	0.0637171708424	0.049032700510196	no
756	ENST00000544890.1	796	168	0.5274	0.0873680853829	0.016383596868991	no
757	ENST00000618072.4	1144	264	0.986	0.477179937772	0.71838172075961	yes
758	ENST00000261692.7	1346	348	1.043	0.42711711126	0.8430262149236	yes
759	ENST00000538446.5	1161	402	0.7903	0.304942257294	0.66270206193485	yes
760	ENST00000535979.5	1281	264	0.986	0.477179937772	0.71669576906162	yes
761	ENST00000542174.5	1812	327	0.8116	-0.0713431516256	0.069620924308341	no
762	ENST00000544658.5	931	264	0.986	0.477179937772	0.72099079306647	yes
763	ENST00000535796.1	344	198	1.1197	0.567996739913	0.78434079124634	yes
764	ENST00000615483.4	511	264	0.5884	-0.043321335009	0.023870786447594	no
765	ENST00000618162.1	580	234	0.7254	0.00814909464575	0.036643004307947	no
766	ENST00000630422.2	1751	1266	1.0675	0.199867185054	0.99996123794266	yes
767	ENST00000440264.5	1758	1266	1.0675	0.199867185054	0.99996122146476	yes
768	ENST00000255465.7	1730	1398	1.0144	0.204996253657	0.99998938757677	yes
769	ENST00000625767.1	1699	1395	1.0144	0.20310071927	0.99998892054149	yes
770	ENST00000614739.4	1908	1041	1.0647	0.0806317254457	0.99901297119771	yes
771	ENST00000617562.4	704	126	0.4747	-0.0915480285809	0.0027584462872913	no
772	ENST00000622559.4	727	126	0.4747	-0.0915480285809	0.0027546073369786	no
773	ENST00000621321.1	334	69	0.8625	0.17396278432	0.028954284451662	no
774	ENST00000282018.4	4672	1041	1.0647	0.0806317254457	0.99883282110701	yes
775	ENST00000671580.1	1354	177	0.643	0.0493383948432	0.019466333136611	no
776	ENST00000668596.1	753	159	0.8828	-0.270911635621	0.0043270910437316	no
777	ENST00000662755.1	686	159	0.8828	-0.270911635621	0.0043446534836921	no
778	ENST00000658188.1	1765	177	0.643	0.0493383948432	0.018995669669445	no
779	ENST00000426037.6	1771	177	0.643	0.0493383948432	0.018988881979702	no
780	ENST00000445737.2	1499	141	0.9462	-0.429210441575	0.0014650647977756	no
781	ENST00000668873.1	1749	177	0.643	0.0493383948432	0.019013781809745	no
782	ENST00000559005.2	496	168	1.1623	0.497717982639	0.65189959593076	yes
783	ENST00000216802.10	793	720	1.2356	0.424051354987	0.99820569763444	yes
784	ENST00000615264.4	874	765	1.2356	0.399671465956	0.99869726251097	yes
785	ENST00000559042.1	643	126	1.0507	-0.257363481745	0.0056431976151042	no
786	ENST00000559453.5	1721	183	0.8051	-0.0214370715079	0.021148622692691	no
787	ENST00000558273.5	1502	489	1.1785	0.423190031371	0.97329148913948	yes
788	ENST00000558931.5	2754	183	0.8051	-0.0214370715079	0.019888448900059	no
789	ENST00000559359.1	484	204	0.894	0.0456335793637	0.056759368297854	no
790	ENST00000559056.5	512	255	1.158	0.369521566028	0.66976543552833	yes
791	ENST00000560592.5	760	213	1.1211	0.143953234636	0.20306191349524	no
792	ENST00000560788.1	785	144	1.0126	-0.197856929826	0.0089025394064629	no
793	ENST00000561103.1	460	0	0	0	0.00029600850777691	no
794	ENST00000361462.7	6424	5322	0.9712	0.0539075039181	1	yes
795	ENST00000361577.7	6247	5163	0.9712	0.0555739560141	1	yes
796	ENST00000557423.5	6232	2988	0.8503	0.0932781211783	0.99999999999833	yes
797	ENST00000555607.1	4992	2925	0.9572	0.0930256568518	0.99999999999781	yes
798	ENST00000555945.1	3908	2241	0.8859	0.142559529295	0.99999999698452	yes
799	ENST00000555874.5	544	522	1.0047	-0.16724246369	0.39323934103408	yes
800	ENST00000556105.1	576	519	0.8455	-0.0868128424759	0.39239396346083	yes
801	ENST00000555586.1	436	114	0.8851	-0.394145879459	0.0012144815907331	no
802	ENST00000556823.1	710	417	1.0224	-0.0229698111704	0.3610390512046	no
803	ENST00000389912.7	1669	321	1.0138	0.166704755953	0.39133296895378	yes
804	ENST00000554366.5	447	135	0.5432	-0.176494129189	0.0021869804055275	no
805	ENST00000557612.5	627	249	0.9125	0.176186494464	0.19583020119493	no
806	ENST00000555601.1	384	180	0.9168	0.12349713289	0.077401872994246	no
807	ENST00000555276.5	318	159	0.935	0.214993618785	0.11507320522554	no
808	ENST00000614204.4	692	195	1.3114	0.352861652803	0.60335712191564	yes
809	ENST00000618863.1	505	240	1.2437	0.316026545156	0.61335601907784	yes
810	ENST00000557700.1	598	348	0.6549	0.0410689781921	0.11487159569472	no
811	ENST00000618200.4	364	288	1.3184	0.33477171407	0.79370937647957	yes
812	ENST00000621160.4	644	369	1.3394	0.298423468304	0.88413361550716	yes
813	ENST00000555819.5	275	120	1.3054	0.232500561937	0.23512166786434	no
814	ENST00000612813.4	725	501	1.2796	-0.0422115724853	0.73448166580224	yes
815	ENST00000620066.1	719	492	1.2796	-0.0379435633728	0.72085759981189	yes
816	ENST00000612499.1	2439	369	0.554	-0.0304587085334	0.06203953384792	no
817	ENST00000614648.1	681	240	1.2437	0.316026545156	0.61081867053213	yes
818	ENST00000392882.7	2639	1416	1.193	0.399548258398	0.99999854217585	yes
819	ENST00000358655.8	2466	1293	1.193	0.399737638183	0.99999455322328	yes
820	ENST00000557135.5	2080	1416	1.193	0.399548258398	0.99999859082644	yes
821	ENST00000554950.1	1376	780	1.2247	0.509678123002	0.99942796861689	yes
822	ENST00000554601.1	719	345	0.7576	0.203939436154	0.33544101574117	no
823	ENST00000556504.5	847	669	1.1854	0.325161249296	0.99300836985575	yes
824	ENST00000553808.5	1060	546	0.9554	0.22761694209	0.90435464233726	yes
825	ENST00000554331.5	831	546	0.9554	0.22761694209	0.90555060485603	yes
826	ENST00000557239.5	471	321	0.9195	0.301789490279	0.55641676815754	yes
827	ENST00000556579.5	565	450	0.9127	0.248069782022	0.77549185680919	yes
828	ENST00000556783.5	567	210	1.0702	0.268548297495	0.32623237917846	no
829	ENST00000553769.6	560	312	1.0329	0.333590791745	0.66600848220979	yes
830	ENST00000557347.5	577	123	1.0334	0.116881470761	0.058222584178601	no
831	ENST00000554605.5	560	204	0.9955	0.312392154532	0.32410998709823	no
832	ENST00000556695.5	553	174	1.0104	0.318939810469	0.2751142865317	no
833	ENST00000555464.1	544	78	0.7293	-0.0502097314272	0.0048365922930604	no
834	ENST00000329886.11	1947	1065	1.1944	0.454251619873	0.9999568702147	yes
835	ENST00000427614.5	543	240	1.1874	0.33457986874	0.59982581406016	yes
836	ENST00000455454.5	880	648	1.2424	0.439617789471	0.99653565335767	yes
837	ENST00000432805.5	1144	906	1.1872	0.457647752552	0.99977081524682	yes
838	ENST00000392527.5	1476	1059	1.1944	0.456221120379	0.99995585494174	yes
839	ENST00000443229.5	966	330	1.2408	0.41301027733	0.88470093623028	yes
840	ENST00000421892.5	751	471	1.2622	0.481347509515	0.98359541388293	yes
841	ENST00000451719.5	522	162	1.1626	0.492325087766	0.62861671308433	yes
842	ENST00000392522.7	1630	1281	1.1466	0.454417991275	0.99999524704457	yes
843	ENST00000392523.8	1845	1488	1.0646	0.408515634009	0.99999910011337	yes
844	ENST00000463869.5	849	363	1.202	0.507039567741	0.94787243008711	yes
845	ENST00000450383.1	1107	747	1.1449	0.454384494652	0.99851297694823	yes
846	ENST00000551538.5	4437	465	0.5255	-0.0844494878081	0.095751621616113	no
847	ENST00000546492.1	965	111	0.9373	-0.0506910565795	0.012803819601216	no
848	ENST00000453867.7	2490	2046	1.2679	0.519783316926	0.99999999943158	yes
849	ENST00000441369.6	2767	2046	1.2679	0.519783316926	0.99999999942193	yes
850	ENST00000561230.5	891	312	1.301	0.581516020362	0.95888349088697	yes
851	ENST00000558055.5	565	366	1.2594	0.563645018828	0.97080952117314	yes
852	ENST00000455577.6	4215	1911	1.2679	0.523119697866	0.99999999734246	yes
853	ENST00000560346.5	4020	2046	1.2679	0.519783316926	0.99999999937624	yes
854	ENST00000260404.8	3865	2046	1.2679	0.519783316926	0.99999999938208	yes
855	ENST00000558878.6	553	171	1.079	0.468947328009	0.55099515599637	yes
856	ENST00000560806.6	561	87	0.6356	-0.181906946667	0.0016681865625784	no
857	ENST00000542403.3	2540	2046	1.2679	0.519783316926	0.99999999942985	yes
858	ENST00000559901.1	542	537	0.6334	0.360922956273	0.88586261075658	yes
859	ENST00000557926.1	517	192	0.7759	-0.253480111346	0.0050255010927805	no
860	ENST00000557808.1	805	279	1.3262	0.512660654366	0.9185164849036	yes
861	ENST00000544417.5	933	306	0.796	0.217517250953	0.28740326507258	no
862	ENST00000561424.5	604	360	0.8184	0.173837202518	0.37232922302031	yes
863	ENST00000349264.10	732	174	0.8458	-0.0565499117376	0.018414822706476	no
864	ENST00000648006.2	1675	360	0.8184	0.173837202518	0.35726220643059	no
865	ENST00000557901.5	407	156	0.6574	-0.0215543150805	0.010859706705164	no
866	ENST00000559220.1	580	78	0.869	-0.648214256023	0.000145055975202	no
867	ENST00000623550.1	2329	192	0.6217	-0.230791763589	0.0032272118757547	no
868	ENST00000267838.7	1277	648	1.0633	0.367490386442	0.99003552478024	yes
869	ENST00000560491.2	1026	375	1.0605	0.148872041253	0.55234504154828	yes
870	ENST00000558126.1	775	327	1.1623	0.25363043742	0.67215369642401	yes
871	ENST00000561077.1	687	393	0.6771	0.0228187457289	0.16637482545575	no
872	ENST00000288207.7	1488	1197	1.0415	0.197944043917	0.99991160477661	yes
873	ENST00000621385.1	2503	1125	0.9613	0.159927549917	0.99966146580571	yes
874	ENST00000559301.1	575	381	0.8592	0.0801500597686	0.31350063422782	no
875	ENST00000569673.2	6573	882	1.0101	0.53399332939	0.99956479560596	yes
876	ENST00000379822.5	1342	882	1.0101	0.53399332939	0.99968318577602	yes
877	ENST00000558834.1	598	447	0.8067	0.455842786141	0.90412396010415	yes
878	ENST00000559817.1	779	459	1.2104	0.623040137485	0.99129382547602	yes
879	ENST00000395135.7	2199	1902	1.235	0.541297784989	0.99999999745113	yes
880	ENST00000268058.8	5565	2649	1.2515	0.549047579935	0.99999999999912	yes
881	ENST00000268059.10	3029	2490	1.0741	0.449726001774	0.99999999998589	yes
882	ENST00000354026.10	2885	2346	0.9575	0.448180923952	0.99999999990332	yes
883	ENST00000565898.5	5393	2505	1.2515	0.553317040334	0.999999999996	yes
884	ENST00000435786.6	3643	1836	1.246	0.519731064	0.99999999367361	yes
885	ENST00000563500.5	4502	1707	1.1824	0.485177476201	0.99999995875371	yes
886	ENST00000564725.1	4620	1014	1.2386	0.651473059594	0.99997915916674	yes
887	ENST00000567606.5	2042	777	0.7727	0.204270484418	0.98122490417532	yes
888	ENST00000566068.1	834	405	1.1899	0.368901992929	0.91724299691608	yes
889	ENST00000562086.1	2232	777	0.7727	0.204270484418	0.98101118742742	yes
890	ENST00000570213.1	371	129	1.073	0.396705436651	0.32427968896039	no
891	ENST00000565317.1	596	198	1.1175	-0.00929335346867	0.072925383463905	no
892	ENST00000563905.5	581	183	0.6847	0.0164749293276	0.019965834533098	no
893	ENST00000562637.1	532	87	1.0566	0.428122142384	0.260737234489	no
894	ENST00000360639.6	4517	3144	0.8577	0.306511550384	1	yes
895	ENST00000394987.5	4425	3144	0.8577	0.306511550384	1	yes
896	ENST00000564848.1	353	81	0.9428	0.395356360883	0.1584201358288	no
897	ENST00000567617.1	4249	2817	0.8887	0.305915084713	0.99999999999795	yes
898	ENST00000565074.1	3152	2094	0.9733	0.305706648824	0.99999999634755	yes
899	ENST00000558801.1	8752	1335	1.3047	0.448275506868	0.99999741121703	yes
900	ENST00000558149.1	522	255	1.2748	0.418986857219	0.80219804236552	yes
901	ENST00000506090.5	1840	243	0.4806	-0.22335757156	0.0038876221847087	no
902	ENST00000660022.1	1596	243	0.4806	-0.22335757156	0.0039454183993577	no
903	ENST00000560368.1	622	33	0.7597	-0.060249263933	0.0030525257458798	no
904	ENST00000558835.1	189	177	0.6917	0.0812377183355	0.029740704673599	no
905	ENST00000660890.1	744	150	0.8164	-0.266839917555	0.0032786995460316	no
906	ENST00000556904.5	563	30	0.8647	-0.494201200546	0.00023567485392226	no
907	ENST00000557804.1	2159	393	0.6652	-0.162608982382	0.049145088216751	no
908	ENST00000417221.8	508	66	0.6158	-0.249927735731	0.00080048630305802	no
909	ENST00000501381.3	1621	174	0.4996	-0.377010098889	0.00072142726393424	no
910	ENST00000575672.1	1613	417	0.6497	-0.368660880186	0.016641093212283	no
911	ENST00000204517.11	2163	1017	1.2349	0.632267806907	0.9999800401754	yes
912	ENST00000575320.1	6491	765	0.5032	0.000759370367843	0.79672756152045	yes
913	ENST00000574639.1	595	336	1.2892	0.63578245589	0.97697834901479	yes
914	ENST00000575300.1	1326	621	1.0639	0.250497867796	0.97161977195498	yes
915	ENST00000572393.1	507	411	1.2787	0.035416258808	0.63815651990846	yes
916	ENST00000427587.9	2397	993	1.2552	0.436424214345	0.99991028787013	yes
917	ENST00000458008.8	2268	891	1.223	0.418316267791	0.99966569675768	yes
918	ENST00000585436.5	1652	282	0.5854	-0.0628520480622	0.023568686349245	no
919	ENST00000587161.5	1282	693	1.2985	0.445927792969	0.99824197197151	yes
920	ENST00000587608.1	519	225	1.2558	0.481035865028	0.80626152723844	yes
921	ENST00000587200.1	684	225	1.2558	0.481035865028	0.80469178622861	yes
922	ENST00000585975.5	944	480	1.1898	0.420562817807	0.97208923385086	yes
923	ENST00000586444.1	996	285	1.1206	0.439374366205	0.79343848240083	yes
924	ENST00000649869.1	1083	204	0.58	-0.208527838601	0.0040236594442339	no
925	ENST00000572173.1	1865	291	0.522	0.0345799747382	0.039334543429945	no
926	ENST00000572992.1	934	276	0.4816	0.0877013642044	0.044050300707488	no
927	ENST00000576027.1	818	186	0.7151	-0.397186995912	0.0014845079001034	no
928	ENST00000312499.6	1427	444	1.1948	0.329320865102	0.92724881505535	yes
929	ENST00000252797.6	2738	1227	0.9583	0.453121273222	0.99998338919904	yes
930	ENST00000395091.2	2970	1224	0.9583	0.454468955523	0.99998275234366	yes
931	ENST00000568333.1	949	336	0.8321	0.316792268077	0.54592828353019	yes
932	ENST00000657877.1	805	258	0.8171	-0.0373062034795	0.045852789065069	no
933	ENST00000562980.1	557	258	0.8171	-0.0373062034795	0.046516113577951	no
934	ENST00000527845.1	504	213	1.0738	-0.145796059195	0.031879566569849	no
935	ENST00000527729.5	585	348	1.2271	0.22032754897	0.71914853310551	yes
936	ENST00000532838.1	587	183	1.0298	0.0912242228079	0.089797234955346	no
937	ENST00000615332.5	395	279	1.0896	0.119166773764	0.29025308563454	no
938	ENST00000529718.1	478	168	1.1956	-0.00261037248424	0.071076300317132	no
939	ENST00000574481.6	1165	795	0.8475	0.271969834394	0.99250600044823	yes
940	ENST00000572144.5	2360	444	0.7277	0.281000465389	0.6686061485094	yes
941	ENST00000576915.1	1161	444	0.7277	0.281000465389	0.68453437587447	yes
942	ENST00000571605.1	580	570	0.7397	0.216356778912	0.85608368482294	yes
943	ENST00000570985.1	591	270	1.1104	0.510239400388	0.838082316617	yes
944	ENST00000574576.2	539	225	1.144	0.360323904699	0.56866829476619	yes
945	ENST00000358514.9	977	822	1.2142	0.530898591422	0.99968137552364	yes
946	ENST00000570304.1	851	753	0.9623	0.367729223282	0.99569664485909	yes
947	ENST00000575556.1	966	402	0.9438	0.0108041876587	0.31592929977809	no
948	ENST00000578011.1	542	345	1.3018	0.631200897147	0.97932405683266	yes
949	ENST00000395930.6	1740	1473	1.1114	0.332813038729	0.99999850355556	yes
950	ENST00000338696.6	1630	1473	1.1114	0.332813038729	0.99999851351706	yes
951	ENST00000395931.6	1820	678	0.6272	0.156133136956	0.89325358081587	yes
952	ENST00000539245.5	970	579	1.0657	0.352190325897	0.97764007882576	yes
953	ENST00000470325.1	914	702	0.7185	0.14017804843	0.93216448951755	yes
954	ENST00000536146.1	583	441	0.6632	0.0838793717864	0.32589989182261	no
955	ENST00000539316.1	564	420	0.6632	0.0838329857148	0.2782846221677	no
956	ENST00000543896.1	483	246	0.7682	0.0853459759476	0.076604091568903	no
957	ENST00000226218.9	1626	1437	0.8764	0.4600233336	0.99999801850898	yes
958	ENST00000539746.1	609	252	0.8416	0.361245937136	0.4061381270583	yes
959	ENST00000542029.1	501	354	0.9682	0.449766384889	0.84704618180008	yes
960	ENST00000360295.13	4306	2982	1.0853	0.389548691844	0.99999999999989	yes
961	ENST00000540632.6	3804	2607	1.0311	0.387874718653	0.99999999999281	yes
962	ENST00000317338.17	4206	2985	1.0853	0.384730579021	0.99999999999989	yes
963	ENST00000335960.10	4195	2985	1.0177	0.380558438911	0.99999999999986	yes
964	ENST00000535262.1	807	255	0.8674	0.10198346214	0.12023090099205	no
965	ENST00000442608.7	3805	2943	1.0853	0.387560225044	0.99999999999984	yes
966	ENST00000544224.2	807	420	0.9703	0.315630878397	0.82165285185767	yes
967	ENST00000539265.1	601	576	0.7644	-0.0761009012796	0.4983501652049	yes
968	ENST00000585644.1	575	168	0.9784	0.156837793623	0.099226741312829	no
969	ENST00000590151.5	4309	3306	1.2746	0.450429791833	1	yes
970	ENST00000352035.7	4293	3306	1.2746	0.450429791833	1	yes
971	ENST00000353196.5	4318	3276	1.2746	0.455194950991	1	yes
972	ENST00000393896.6	3682	3438	1.2928	0.44001806638	1	yes
973	ENST00000588779.1	783	354	1.2127	0.224739352003	0.72650746471989	yes
974	ENST00000588547.1	471	168	1.0366	0.284052796875	0.23563900611465	no
975	ENST00000590735.1	586	123	1.2694	-0.153992574331	0.021228089446593	no
976	ENST00000663186.1	1186	177	0.8283	0.151639917443	0.06589258253394	no
977	ENST00000662750.1	2882	585	0.7365	-0.115396663955	0.40253783622035	yes
978	ENST00000661340.1	1081	459	0.541	0.103814701188	0.30688127310993	no
979	ENST00000341011.11	2303	444	0.4197	-0.123855125305	0.050430583887702	no
980	ENST00000662853.1	1388	375	0.6844	0.0668674498266	0.17727071581332	no
981	ENST00000592135.5	2438	447	0.5144	0.0866865048547	0.22731413986722	no
982	ENST00000666319.1	2576	447	0.5144	0.0866865048547	0.22584576787907	no
983	ENST00000587874.5	544	114	0.6691	0.110070521542	0.016817426837305	no
984	ENST00000586231.1	2890	366	0.7176	0.111779727395	0.2103844170035	no
985	ENST00000588097.5	5203	483	0.5564	-0.213470920404	0.05457712014334	no
986	ENST00000586388.1	2100	336	0.7314	0.051691498697	0.12429589207407	no
987	ENST00000666090.1	1191	336	0.7314	0.051691498697	0.130429092049	no
988	ENST00000655016.1	696	273	0.857	0.0306848127074	0.091761246525348	no
989	ENST00000425159.7	927	315	0.8078	-0.0722745364005	0.063767502588106	no
990	ENST00000575291.5	1765	315	0.8078	-0.0722745364005	0.060796367314097	no
991	ENST00000573318.1	473	315	0.8078	-0.0722745364005	0.065433163548613	no
992	ENST00000240364.7	2329	1362	0.6726	0.291463171645	0.99997314032544	yes
993	ENST00000513602.5	1522	546	0.7271	0.293428694319	0.87388267724157	yes
994	ENST00000503573.5	776	612	0.8241	0.256332597278	0.94016391052814	yes
995	ENST00000511743.5	789	690	0.6883	0.260808500999	0.96082834730678	yes
996	ENST00000503855.5	582	141	1.0187	0.015141405935	0.035328109993872	no
997	ENST00000515240.5	624	72	0.9743	-0.143353910972	0.005263793756746	no
998	ENST00000509347.5	572	177	0.7611	-0.0660209485235	0.013891103293133	no
999	ENST00000503720.1	528	252	0.5796	-0.050499113092	0.019517139376486	no
1000	ENST00000514841.1	480	366	0.7229	0.286202479105	0.49799787160816	yes
1001	ENST00000648772.1	4248	1371	1.2334	0.457378193914	0.99999842789895	yes
1002	ENST00000316881.9	5745	1893	1.27	0.443380820462	0.9999999940417	yes
1003	ENST00000573108.1	952	177	0.8764	0.154068679501	0.07797430408574	no
1004	ENST00000574234.1	471	102	0.9434	-0.130945139966	0.0072236644520367	no
1005	ENST00000570473.5	498	81	1.0174	-0.209475650361	0.0043301347271335	no
1006	ENST00000570749.5	614	468	1.1989	0.443350867923	0.97391035210668	yes
1007	ENST00000574997.1	440	132	0.5158	-0.0237642816135	0.0053104574449845	no
1008	ENST00000535342.7	3447	2868	1.1914	0.201300853574	0.99999999999913	yes
1009	ENST00000392769.6	3517	2868	1.1914	0.201300853574	0.99999999999913	yes
1010	ENST00000583466.5	503	126	0.64	-0.124119044668	0.0037816546547049	no
1011	ENST00000580694.5	1050	693	1.1916	0.246931097276	0.99104146407632	yes
1012	ENST00000537949.5	2847	2742	1.1836	0.202722217168	0.99999999999669	yes
1013	ENST00000585168.1	637	135	0.4512	-0.0900347661148	0.0028636321482691	no
1014	ENST00000582795.5	577	567	1.2332	0.333196426263	0.98325657254122	yes
1015	ENST00000580482.5	1706	360	1.0353	0.252515106269	0.64835290434503	yes
1016	ENST00000584627.5	581	222	1.1901	0.412771856892	0.67536757082054	yes
1017	ENST00000584987.1	571	561	1.2135	0.292979433643	0.97541991290141	yes
1018	ENST00000583358.1	1902	1695	1.0836	0.116290370414	0.99999937520993	yes
1019	ENST00000580624.1	569	339	0.9188	-0.0418486380407	0.1351979904003	no
1020	ENST00000577322.1	556	153	0.5476	-0.28609435864	0.0012990043637956	no
1021	ENST00000508628.6	17730	15771	1.2829	0.354771515358	1	yes
1022	ENST00000582970.5	21055	15624	1.2829	0.355231500786	1	yes
1023	ENST00000319921.4	5316	3192	0.9754	0.279147285465	1	yes
1024	ENST00000559070.5	4644	3846	1.2076	0.296005204574	1	yes
1025	ENST00000574060.1	540	165	1.1821	0.266902857405	0.29537054776547	no
1026	ENST00000571908.1	624	303	1.2914	0.44259865305	0.892918875369	yes
1027	ENST00000558116.5	3768	3564	1.198	0.316095056143	1	yes
1028	ENST00000560694.1	639	549	1.1309	0.220157350738	0.9430385804201	yes
1029	ENST00000558488.1	526	291	1.1448	0.165139620358	0.42668238341481	yes
1030	ENST00000559603.1	765	258	0.8537	0.0481144127183	0.086750531404815	no
1031	ENST00000411702.7	6428	1722	1.1511	0.338037378037	0.99999988508902	yes
1032	ENST00000574909.1	298	225	0.9109	-0.0588070063354	0.038842390950514	no
1033	ENST00000572622.1	320	144	1.0714	0.471119527191	0.47935853237213	yes
1034	ENST00000570776.1	544	60	0.884	-0.119938279792	0.004087906095016	no
1035	ENST00000560083.1	4212	675	1.1209	0.227498769793	0.98145999111629	yes
1036	ENST00000289119.7	2029	1230	0.7988	0.116675713921	0.99976564040274	yes
1037	ENST00000580981.5	1836	1071	0.8431	0.144086201403	0.99906239573582	yes
1038	ENST00000578270.5	2080	645	0.769	-0.0237639998409	0.73294363925206	yes
1039	ENST00000577564.1	877	468	0.8826	0.00317952404864	0.42648757707542	yes
1040	ENST00000580477.1	291	114	0.5151	-0.351574666004	0.00050782456645242	no
1041	ENST00000579875.5	865	615	0.8211	0.152410789212	0.8895263526906	yes
1042	ENST00000577928.5	604	174	0.7226	-0.0809286229597	0.010811349827696	no
1043	ENST00000579982.1	1664	519	0.899	0.282444450089	0.89117255818084	yes
1044	ENST00000262093.11	7689	1272	0.9261	0.235177049982	0.99993565666999	yes
1045	ENST00000652755.1	7695	1290	0.8436	0.236755472164	0.99993204992923	yes
1046	ENST00000651787.1	2521	1056	0.9595	0.248848293988	0.99960049574485	yes
1047	ENST00000382873.8	2583	1056	0.9595	0.248848293988	0.99959898956121	yes
1048	ENST00000585494.5	1874	846	1.056	0.232308267371	0.99694437437107	yes
1049	ENST00000591977.5	544	366	0.7527	0.155809990265	0.31449792176389	no
1050	ENST00000592699.5	1049	978	0.8735	0.260583400944	0.99897108925842	yes
1051	ENST00000651812.1	674	279	1.0772	0.281348387831	0.53014835286969	yes
1052	ENST00000585747.1	564	495	0.8556	0.256531141792	0.83238598131289	yes
1053	ENST00000585878.1	622	336	0.8856	0.169070123531	0.35362427162178	no
1054	ENST00000592111.1	556	318	0.8908	0.15884360282	0.30049730142804	no
1055	ENST00000438103.6	4537	3930	1.2826	0.686030372266	1	yes
1056	ENST00000361757.8	4906	4101	1.3036	0.676732173118	1	yes
1057	ENST00000587673.5	1209	498	1.2516	0.707838952292	0.99704074353812	yes
1058	ENST00000586109.1	465	315	1.2993	0.652122815368	0.97512002794663	yes
1059	ENST00000592222.5	2403	1932	1.2856	0.602024303459	0.99999999893417	yes
1060	ENST00000590446.2	587	432	1.2638	0.751228374622	0.99580165351083	yes
1061	ENST00000590998.5	562	384	1.3269	0.499505748021	0.97033535385557	yes
1062	ENST00000590176.5	561	384	1.3269	0.499505748021	0.9703371015678	yes
1063	ENST00000587655.2	914	333	1.2525	0.422420427256	0.89772547111247	yes
1064	ENST00000592551.5	1461	321	1.1225	0.345734340343	0.74922451884404	yes
1065	ENST00000585919.5	2079	492	1.0872	0.504804432333	0.9790633773079	yes
1066	ENST00000253110.16	1928	876	1.0309	0.501434982253	0.99959321330669	yes
1067	ENST00000586889.1	550	126	0.545	-0.214512145516	0.0015438055044963	no
1068	ENST00000586730.1	1655	366	0.985	0.298531574166	0.69541423794654	yes
1069	ENST00000393708.3	1012	561	1.1444	0.377966409017	0.9819813994489	yes
1070	ENST00000492239.5	773	210	0.6961	0.0285515718521	0.029376215022073	no
1071	ENST00000494368.5	584	204	1.1546	-0.112518695255	0.045565328518674	no
1072	ENST00000460631.5	777	204	0.7438	0.184677299256	0.08454142763779	no
1073	ENST00000343376.8	614	336	0.8443	0.291394944368	0.51879625573693	yes
1074	ENST00000453681.1	635	435	1.2264	0.453333172102	0.96814017836644	yes
1075	ENST00000486454.1	584	213	0.8498	0.184668438884	0.12562905560946	no
1076	ENST00000644174.2	2688	246	0.3982	-0.255369332633	0.0023869014200915	no
1077	ENST00000655708.1	1916	246	0.3982	-0.255369332633	0.0025011639816418	no
1078	ENST00000658824.1	548	177	0.715	0.13898123404	0.045114462707256	no
1079	ENST00000671188.1	1287	246	0.3982	-0.255369332633	0.0025982829135364	no
1080	ENST00000644796.2	1279	177	0.715	0.13898123404	0.043240526714573	no
1081	ENST00000644590.1	864	198	0.8111	-0.101226052544	0.015850997915827	no
1082	ENST00000665604.1	926	177	0.715	0.13898123404	0.044135985628119	no
1083	ENST00000645156.1	1731	273	0.5205	0.0455135256062	0.035076346988448	no
1084	ENST00000246532.6	1647	1068	0.8143	0.23656814232	0.99943062645992	yes
1085	ENST00000592889.1	782	504	0.8892	0.273543205578	0.87041034914091	yes
1086	ENST00000592537.5	1195	1068	0.8143	0.23656814232	0.99944603176974	yes
1087	ENST00000588018.5	1148	399	0.9263	0.219833761712	0.62459410352209	yes
1088	ENST00000591748.1	329	84	1.1854	-0.00415459794588	0.028982536867968	no
1089	ENST00000592693.1	593	84	1.1854	-0.00415459794588	0.028534810456485	no
1090	ENST00000587101.1	482	48	0.9897	-0.0332467062632	0.0088616526858579	no
1091	ENST00000591277.1	581	414	0.9065	0.264735024599	0.71908845313707	yes
1092	ENST00000589175.1	538	267	0.6901	0.132848076364	0.099978999644494	no
1093	ENST00000586488.6	566	138	0.4298	-0.0133015487305	0.0046019557960464	no
1094	ENST00000660925.1	783	138	0.4298	-0.0133015487305	0.0045419920924428	no
1095	ENST00000655331.1	2216	405	0.8271	0.0200236040009	0.24567736826506	no
1096	ENST00000660190.2	2674	405	0.8271	0.0200236040009	0.24056030779372	no
1097	ENST00000599417.2	2941	375	0.9169	-0.00852266330081	0.19837200668291	no
1098	ENST00000615911.4	3565	666	1.1284	0.408800809644	0.99412812403251	yes
1099	ENST00000315588.11	3590	603	1.1482	0.416382871494	0.98965966073082	yes
1100	ENST00000600973.5	546	345	1.1339	0.26678635032	0.71587409740951	yes
1101	ENST00000596297.1	636	624	0.8658	0.237617235997	0.947853272927	yes
1102	ENST00000360675.7	773	507	0.7879	0.180586887975	0.73214922477673	yes
1103	ENST00000392052.8	599	420	0.7803	0.190870553631	0.52984473546985	yes
1104	ENST00000269973.10	3926	2049	0.7999	0.159771142331	0.99999997185794	yes
1105	ENST00000615985.4	2912	2049	0.7999	0.159771142331	0.99999997353835	yes
1106	ENST00000589703.5	2409	2049	0.7999	0.159771142331	0.99999997433431	yes
1107	ENST00000588140.1	520	387	0.9437	0.185508857557	0.56107516712211	yes
1108	ENST00000588432.1	568	138	0.6876	0.0248936629163	0.01319537595642	no
1109	ENST00000590655.1	405	75	1.008	-0.176013524122	0.0049389920614308	no
1110	ENST00000262259.7	6552	2136	0.6679	0.123499525174	0.99999997521312	yes
1111	ENST00000545217.5	1239	156	0.773	0.154499877324	0.045795319595009	no
1112	ENST00000596504.1	580	213	0.9851	0.420032088953	0.50978730177003	yes
1113	ENST00000436511.2	488	339	1.169	0.271740212759	0.73218338479357	yes
1114	ENST00000600460.1	982	864	0.8694	0.0968067549678	0.98960058585122	yes
1115	ENST00000598755.1	664	360	1.0589	0.0315463594918	0.32966315859315	no
1116	ENST00000596210.1	929	360	1.0589	0.0315463594918	0.32611720821822	no
1117	ENST00000597710.1	411	153	0.7908	-0.0881151853587	0.010304841657707	no
1118	ENST00000592881.1	1019	348	1.0849	0.455967681572	0.88318120200104	yes
1119	ENST00000590190.1	335	66	1.0595	0.372482503823	0.16583050807363	no
1120	ENST00000325333.10	1156	519	1.1176	0.470271353671	0.98305292540206	yes
1121	ENST00000543039.2	1707	519	1.1176	0.470271353671	0.98248645225764	yes
1122	ENST00000545125.1	1025	519	1.1176	0.470271353671	0.9831849322558	yes
1123	ENST00000477778.5	462	303	1.3042	0.440922939683	0.89659014637185	yes
1124	ENST00000246190.10	1989	1191	1.2134	0.433975881458	0.99998807430963	yes
1125	ENST00000375238.8	1942	1089	1.309	0.479290298904	0.99998033050625	yes
1126	ENST00000606525.5	2010	426	1.3245	0.520920854111	0.98179538307539	yes
1127	ENST00000488489.5	2142	507	1.1191	0.340172212105	0.95332285780685	yes
1128	ENST00000485976.5	1016	372	1.3284	0.495746244342	0.96477946641198	yes
1129	ENST00000478237.5	827	426	1.3245	0.520920854111	0.98303575684669	yes
1130	ENST00000463246.5	766	339	1.3245	0.586553994017	0.97223885390656	yes
1131	ENST00000439478.5	925	867	1.2568	0.485176864516	0.99976899353032	yes
1132	ENST00000606699.5	1022	327	1.1018	0.336803215967	0.74307266307679	yes
1133	ENST00000473892.1	438	99	0.8825	0.180651159787	0.043620784984737	no
1134	ENST00000484824.2	596	297	1.2579	0.33295725699	0.77357028408948	yes
1135	ENST00000607055.1	554	516	0.9443	0.127752932146	0.77880649587915	yes
1136	ENST00000216968.5	1349	717	1.1619	0.411796192945	0.99738186783105	yes
1137	ENST00000634509.1	442	126	0.9506	-0.0934826708065	0.012225438404057	no
1138	ENST00000636838.1	5331	306	0.821	-0.21698789556	0.0186091298573	no
1139	ENST00000371741.6	11871	2577	1.0668	0.407034053415	0.99999999998722	yes
1140	ENST00000635210.1	336	171	1.3273	0.647498724365	0.89815506703342	yes
1141	ENST00000636950.1	172	27	0.909	0.547467899792	0.20672823468627	no
1142	ENST00000637357.1	186	39	1.0352	-0.293130998835	0.001710312856862	no
1143	ENST00000635809.1	170	99	0.7316	-0.337797394361	0.00094017998675496	no
1144	ENST00000389125.7	3140	2718	1.1292	0.232312518784	0.99999999999573	yes
1145	ENST00000399913.5	3234	2763	1.1292	0.23029621442	0.99999999999733	yes
1146	ENST00000399914.5	3624	2805	1.1292	0.213685390875	0.99999999999806	yes
1147	ENST00000389124.6	2712	2616	1.1602	0.242822622011	0.9999999999894	yes
1148	ENST00000399907.5	3472	2757	1.1355	0.227874037468	0.99999999999712	yes
1149	ENST00000399909.5	3427	2712	1.1012	0.229854572125	0.99999999999486	yes
1150	ENST00000472429.1	1775	1233	1.0148	0.222493783108	0.99994363450728	yes
1151	ENST00000479548.2	4081	660	0.8569	0.201934156481	0.94356760506631	yes
1152	ENST00000490358.5	1155	660	0.8569	0.201934156481	0.95231536804665	yes
1153	ENST00000487113.1	1009	660	0.8569	0.201934156481	0.95271632027275	yes
1154	ENST00000382373.4	878	705	0.783	0.190990587311	0.9605771038332	yes
1155	ENST00000468506.5	752	159	0.9179	0.180391780705	0.087187262203393	no
1156	ENST00000413778.5	887	204	1.1966	0.510686585477	0.76607381544688	yes
1157	ENST00000424365.5	905	591	1.21	0.471752789962	0.99425890172933	yes
1158	ENST00000484465.1	388	48	0.3897	-0.832937774421	6.9517958473712E-6	no
1159	ENST00000417963.5	872	603	1.21	0.474753690599	0.99506229341041	yes
1160	ENST00000398598.8	2776	1989	1.2813	0.458140237776	0.99999999845714	yes
1161	ENST00000478268.1	3202	360	0.7271	-0.0599574991108	0.075128017806267	no
1162	ENST00000288383.10	2733	1989	1.2813	0.440601244755	0.99999999827224	yes
1163	ENST00000467510.1	427	150	0.8433	-0.288884871877	0.0031449458077256	no
1164	ENST00000486275.1	892	357	1.0998	0.164402232263	0.56210070689034	yes
1165	ENST00000491110.1	516	273	1.0497	0.320752310546	0.55952190634249	yes
1166	ENST00000621271.4	5313	4752	1.3023	0.393897705607	1	yes
1167	ENST00000427926.6	5518	4923	1.3293	0.399288951609	1	yes
1168	ENST00000412649.5	4635	279	1.2612	0.408095698871	0.78502528507453	yes
1169	ENST00000622493.4	1714	1110	1.2877	0.50713609993	0.99998624697716	yes
1170	ENST00000617926.4	1695	1392	1.1852	0.52363529837	0.99999919399326	yes
1171	ENST00000615606.4	4994	4101	1.3023	0.364471641121	1	yes
1172	ENST00000617103.4	4859	3783	1.2699	0.336247989084	1	yes
1173	ENST00000611723.1	838	372	1.2521	0.439001231114	0.93742032515475	yes
1174	ENST00000458188.2	574	129	0.8814	-0.240898009108	0.0038407455543883	no
1175	ENST00000540896.1	477	210	1.2623	0.301844489157	0.52587554062293	yes
1176	ENST00000449918.1	582	507	1.2222	0.236706930249	0.94003922583962	yes
1177	ENST00000459785.1	402	30	0.937	0.0690502928029	0.012163903444549	no
1178	ENST00000407689.8	1501	990	1.3518	0.576199196536	0.99997425265465	yes
1179	ENST00000404953.7	1460	876	1.3065	0.588595350902	0.99990642229609	yes
1180	ENST00000421236.5	975	582	1.2878	0.580999033324	0.9975726580525	yes
1181	ENST00000497605.6	1143	417	1.0588	0.354438403687	0.88174264551851	yes
1182	ENST00000415484.5	740	318	1.3248	0.591416287381	0.9665455283301	yes
1183	ENST00000463795.5	949	759	1.2742	0.439344124528	0.99904779342201	yes
1184	ENST00000471480.6	966	474	0.9253	0.252900485217	0.82436435373019	yes
1185	ENST00000492159.5	704	438	1.0724	0.336845394904	0.89928556656621	yes
1186	ENST00000464854.1	340	237	1.1916	0.0379533907835	0.17355559695358	no
1187	ENST00000498572.1	372	189	1.1363	0.279075504987	0.34000043162663	no
1188	ENST00000467482.6	1645	1215	1.0171	0.252287339517	0.99994459675478	yes
1189	ENST00000487206.1	592	132	1.0777	-0.0174606408463	0.031222390023462	no
1190	ENST00000447366.5	859	801	1.1104	0.219872543891	0.99572901184334	yes
1191	ENST00000431126.1	587	513	1.2714	0.31726882401	0.97078115964863	yes
1192	ENST00000480178.1	397	180	0.8152	-0.00536574520123	0.025357283820985	no
1193	ENST00000379510.5	5753	3105	0.9324	0.134645665324	0.99999999999973	yes
1194	ENST00000425654.7	5669	3015	0.8565	0.132738848426	0.99999999999909	yes
1195	ENST00000644798.1	4858	903	1.0894	0.0898672448463	0.99544640572552	yes
1196	ENST00000543067.6	4220	2550	0.9189	0.152324890683	0.99999999990803	yes
1197	ENST00000279451.9	4244	2607	0.9455	0.142070664728	0.99999999995105	yes
1198	ENST00000646175.1	1573	549	0.8866	0.113762292774	0.78244554259222	yes
1199	ENST00000642565.1	6043	726	0.9105	0.079817966288	0.94121080574583	yes
1200	ENST00000644095.1	4108	2571	0.9455	0.146326962845	0.99999999993034	yes
1201	ENST00000642460.1	1429	1185	0.8355	0.0888217744618	0.99960637968561	yes
1202	ENST00000643220.1	3672	2448	0.9344	0.15210012052	0.99999999974436	yes
1203	ENST00000647532.1	8373	1749	0.8701	0.0929433902387	0.9999988221481	yes
1204	ENST00000643313.1	1940	1710	0.7779	0.155402805221	0.99999892529215	yes
1205	ENST00000647349.1	1948	1746	0.7717	0.151432286212	0.99999923737634	yes
1206	ENST00000643156.1	3674	1233	0.8865	0.157938238386	0.99985504691386	yes
1207	ENST00000642853.1	4470	1782	0.8333	0.15888251533	0.99999952754508	yes
1208	ENST00000647058.1	2066	816	0.9805	0.208668429307	0.99368444350008	yes
1209	ENST00000646690.1	2849	1074	0.9509	0.196209929811	0.99951215184489	yes
1210	ENST00000645238.1	2656	315	0.5199	-0.381311946058	0.0032154284597862	no
1211	ENST00000374259.8	3644	1518	0.9298	0.322803103378	0.99999804802408	yes
1212	ENST00000466874.1	657	183	0.9677	0.280621032231	0.22011504898544	no
1213	ENST00000341558.3	1353	1353	1.0208	0.331513206864	0.99999282764766	yes
1214	ENST00000464598.1	306	78	1.017	0.526872527377	0.35476704349463	no
1215	ENST00000370028.7	3372	2961	1.242	0.556811430217	1	yes
1216	ENST00000350060.10	3254	2841	1.242	0.582729957792	1	yes
1217	ENST00000494397.5	1752	894	1.1926	0.465944360764	0.99974800271763	yes
1218	ENST00000466928.5	840	306	0.5084	0.208674500439	0.13419198263882	no
1219	ENST00000370016.5	3095	2778	1.242	0.578826570115	0.99999999999984	yes
1220	ENST00000470209.5	2889	1758	1.1764	0.45682029909	0.99999997352225	yes
1221	ENST00000494302.5	2667	1758	1.1764	0.45682029909	0.99999997387676	yes
1222	ENST00000404127.6	3232	2406	1.263	0.549590257567	0.99999999998988	yes
1223	ENST00000467421.1	798	495	1.2272	0.637958808044	0.9949047089191	yes
1224	ENST00000442172.1	880	810	1.2866	0.667594838205	0.99988348049578	yes
1225	ENST00000461739.1	614	330	1.0083	0.384569625794	0.75782860078416	yes
1226	ENST00000494813.5	1939	1536	1.1932	0.523446883791	0.99999983163515	yes
1227	ENST00000422918.5	642	621	1.2737	0.603950048417	0.99859685452258	yes
1228	ENST00000463905.1	553	315	0.7959	-0.0362858190541	0.078443390159825	no
1229	ENST00000461052.5	1123	951	1.2336	0.6306322992	0.9999611771241	yes
1230	ENST00000488269.5	960	831	1.2516	0.636229777668	0.99987188687938	yes
1231	ENST00000460782.1	496	357	0.6994	-0.0391124104213	0.088830739816548	no
1232	ENST00000442262.5	625	528	1.2672	0.713371949321	0.99810229336397	yes
1233	ENST00000422091.1	570	522	1.2672	0.718113130199	0.99804416914203	yes
1234	ENST00000369649.8	1763	1347	1.3252	0.474722545313	0.99999882876126	yes
1235	ENST00000263512.5	2161	1434	1.2602	0.458536519859	0.99999936064418	yes
1236	ENST00000393586.1	1893	1599	1.1991	0.434516005758	0.9999998499711	yes
1237	ENST00000651600.1	2095	1434	1.2602	0.458536519859	0.99999936320122	yes
1238	ENST00000393587.4	1862	1434	1.2602	0.458536519859	0.99999937214685	yes
1239	ENST00000453912.1	1167	654	1.1694	0.389951476208	0.99424504799145	yes
1240	ENST00000651734.1	7093	294	0.5786	0.00854987981848	0.030045028191574	no
1241	ENST00000650923.1	3528	396	0.4935	-0.0864323403676	0.045226368014678	no
1242	ENST00000652699.1	3969	396	0.4935	-0.0864323403676	0.044084095464071	no
1243	ENST00000651396.1	3935	396	0.4935	-0.0864323403676	0.044171173903845	no
1244	ENST00000652153.1	4408	279	0.4595	-0.0885482128729	0.011107224650665	no
1245	ENST00000652348.1	7621	294	0.5786	0.00854987981848	0.029124688211617	no
1246	ENST00000324446.3	1495	342	0.702	-0.18926278505	0.028359602295141	no
1247	ENST00000660026.1	685	195	0.5638	-0.189122979947	0.004040046031571	no
1248	ENST00000663061.1	817	195	0.5638	-0.189122979947	0.0040079243561345	no
1249	ENST00000669716.1	616	195	0.5638	-0.189122979947	0.0040569388179004	no
1250	ENST00000670243.1	593	195	0.5638	-0.189122979947	0.0040625853646827	no
1251	ENST00000670354.1	615	195	0.5638	-0.189122979947	0.004057184157328	no
1252	ENST00000657901.1	1186	195	0.5638	-0.189122979947	0.0039194727948589	no
1253	ENST00000664804.1	827	195	0.5638	-0.189122979947	0.0040055012863875	no
1254	ENST00000667262.1	541	192	0.5314	-0.186207001059	0.0036343312670552	no
1255	ENST00000658318.1	2111	342	0.702	-0.18926278505	0.027346942553021	no
1256	ENST00000656768.1	2266	360	0.5907	-0.171301580125	0.026151860841697	no
1257	ENST00000671335.1	2927	177	0.3935	-0.444548314011	0.00031592196538898	no
1258	ENST00000651355.1	2848	177	0.3935	-0.444548314011	0.00031744052677053	no
1259	ENST00000669869.1	978	168	0.5816	-0.582211907678	0.00023479106039028	no
1260	ENST00000452584.5	860	213	0.5444	-0.110830215345	0.0076338772172765	no
1261	ENST00000651286.1	615	168	0.5816	-0.582211907678	0.00024002224596522	no
1262	ENST00000667450.1	3232	249	0.6014	-0.179905298364	0.0073968753466163	no
1263	ENST00000447937.1	920	192	0.71	0.144210344925	0.052451688449925	no
