Data ID	Sequence Name	RNA size	ORF size	Ficket Score	Hexamer Score	Coding Probability	Coding Label
0	ENST00000377541.5	1524	1137	0.9763	0.15105040245	0.9997165663254	yes
1	ENST00000614998.4	6261	3576	0.8387	0.168374089561	1	yes
2	ENST00000377532.7	6279	3633	0.8387	0.168637179542	1	yes
3	ENST00000361923.2	6203	3606	0.8387	0.167204378908	1	yes
4	ENST00000473653.1	523	162	0.6609	-0.161916885431	0.004634000861227	no
5	ENST00000602883.1	1249	288	0.5893	-0.226953102508	0.0089610993594785	no
6	ENST00000463106.1	715	192	0.5561	0.0141818080053	0.014434545328741	no
7	ENST00000494684.1	555	189	1.1622	0.185163396649	0.22915704889367	no
8	ENST00000377346.9	5412	3135	1.3029	0.640852678766	1	yes
9	ENST00000628140.2	5483	3207	1.2873	0.627987295364	1	yes
10	ENST00000484851.1	515	132	0.6733	-0.171198893854	0.003282445951763	no
11	ENST00000361110.6	3508	3207	1.2873	0.627987295364	1	yes
12	ENST00000481137.1	386	258	1.0717	0.354100759192	0.59248417832255	yes
13	ENST00000479223.1	539	327	1.2978	0.543143445044	0.95561700906601	yes
14	ENST00000617617.4	2808	717	1.1486	0.239133690869	0.9907358972063	yes
15	ENST00000376057.8	2801	711	1.1684	0.234241941826	0.990413522177	yes
16	ENST00000621990.4	2738	489	1.1917	0.330208835427	0.95017945606817	yes
17	ENST00000510906.5	786	486	1.1585	0.328975528627	0.94891630855704	yes
18	ENST00000509009.5	571	474	1.2258	0.348221922866	0.95865961598658	yes
19	ENST00000376061.8	1368	363	1.2317	0.353039165857	0.87496052443486	yes
20	ENST00000475043.5	849	501	1.1858	0.331899470262	0.96027678673907	yes
21	ENST00000481077.6	865	192	1.2533	-0.0664944000104	0.070778584136884	no
22	ENST00000361530.11	2535	2142	1.0345	0.377074188991	0.99999999892159	yes
23	ENST00000465415.1	624	417	1.1651	0.317122449322	0.89361046684581	yes
24	ENST00000374253.9	2538	2163	1.0712	0.380049466775	0.99999999924899	yes
25	ENST00000525687.5	1200	939	1.2715	0.366899654529	0.99977514844953	yes
26	ENST00000482227.5	2507	1368	0.8745	0.357547278383	0.99999127750812	yes
27	ENST00000531191.5	2673	1368	0.8745	0.357547278383	0.99999118914793	yes
28	ENST00000524529.6	562	105	0.8811	-0.232063334869	0.0031424515503314	no
29	ENST00000531150.5	581	156	1.1416	0.236026155436	0.21410663212163	no
30	ENST00000480617.1	467	132	1.208	-0.150762133409	0.019878658009736	no
31	ENST00000484874.2	642	147	0.7337	-0.00536600831504	0.013697665485185	no
32	ENST00000308182.9	5245	4986	0.9882	0.361522783636	1	yes
33	ENST00000374211.5	691	336	1.0741	0.506468064807	0.90137307215881	yes
34	ENST00000374208.1	469	336	1.0741	0.506468064807	0.90256493007175	yes
35	ENST00000527815.6	4828	4677	1.0087	0.351809776988	1	yes
36	ENST00000520372.5	554	342	1.1885	-0.188233428998	0.12548008214593	no
37	ENST00000262741.10	5596	1386	1.0932	0.266002974192	0.99999202647615	yes
38	ENST00000372006.5	5019	1437	1.1691	0.256937738001	0.99999628982629	yes
39	ENST00000420542.5	5174	1386	1.0932	0.266002974192	0.99999222818667	yes
40	ENST00000488808.1	3117	618	1.2013	0.323703742158	0.98670695459814	yes
41	ENST00000423209.5	1884	1209	1.0641	0.252931550275	0.99994847336831	yes
42	ENST00000493202.1	765	609	1.127	0.193459758577	0.9630044598564	yes
43	ENST00000360380.7	5225	3864	0.9135	-0.00291577909901	1	yes
44	ENST00000337817.9	5087	3726	0.9135	-0.00185473222437	1	yes
45	ENST00000371877.7	5009	3867	0.9135	-0.00234404981192	1	yes
46	ENST00000396221.6	4558	3813	0.9135	-0.00172534610918	1	yes
47	ENST00000447475.6	2984	2754	0.8381	-0.0123177859708	0.99999999996406	yes
48	ENST00000418131.1	3417	1773	1.0216	-0.00393340702155	0.99999920791812	yes
49	ENST00000413565.1	542	276	0.6054	-0.102082919878	0.019500180301621	no
50	ENST00000393709.3	620	519	1.0409	0.26218987793	0.92260492240033	yes
51	ENST00000496961.5	3424	576	0.9984	0.205088413457	0.91786958747486	yes
52	ENST00000533024.5	913	516	1.0085	0.253888753884	0.90648438187096	yes
53	ENST00000310611.8	5009	516	1.0085	0.253888753884	0.88316426199486	yes
54	ENST00000527072.5	892	492	1.0085	0.257468572029	0.88461472614566	yes
55	ENST00000420578.6	3326	690	1.1199	0.228306332824	0.98503955529454	yes
56	ENST00000430195.2	5077	576	0.9984	0.205088413457	0.90997905326667	yes
57	ENST00000356415.5	1586	555	0.9514	0.128682114687	0.83837162654801	yes
58	ENST00000433097.5	666	387	1.0855	0.181599216085	0.65844615066769	yes
59	ENST00000369709.3	5024	555	0.9514	0.128682114687	0.80805347648089	yes
60	ENST00000494982.1	1083	480	0.8298	0.112174753076	0.59261257049573	yes
61	ENST00000369633.6	1295	582	1.3034	0.588846874561	0.99776198995619	yes
62	ENST00000339083.12	1117	582	1.3034	0.588846874561	0.99778599463762	yes
63	ENST00000369642.7	1355	582	1.3034	0.588846874561	0.99775384011168	yes
64	ENST00000285735.6	2199	582	1.3034	0.588846874561	0.99763601114245	yes
65	ENST00000369637.5	888	582	1.3034	0.588846874561	0.99781649958626	yes
66	ENST00000369636.6	786	600	0.9482	0.328536119286	0.97042297296446	yes
67	ENST00000534717.5	574	507	1.2898	0.627011646818	0.99609692361037	yes
68	ENST00000528831.5	463	201	1.1816	0.408853737671	0.61303958266176	yes
69	ENST00000414971.1	470	273	1.3053	0.634529401625	0.95758023195942	yes
70	ENST00000478447.1	420	213	1.2872	0.486961025623	0.8084465571715	yes
71	ENST00000527563.1	579	303	0.6845	0.0583960651784	0.089489256559659	no
72	ENST00000367240.6	6434	3561	1.213	0.589667876633	1	yes
73	ENST00000295706.8	6395	4050	1.2382	0.549500228151	1	yes
74	ENST00000601609.1	558	318	1.165	-0.173530068374	0.10174273290236	no
75	ENST00000600426.5	2967	2745	1.213	0.572821472178	0.99999999999974	yes
76	ENST00000272198.10	5045	2106	1.2257	0.501846163904	0.999999999554	yes
77	ENST00000599514.1	573	537	1.0676	0.492187317155	0.98632178785534	yes
78	ENST00000594656.1	560	228	1.2898	0.624585258761	0.92487105636569	yes
79	ENST00000486360.1	4547	819	0.513	0.121122860323	0.94751515758021	yes
80	ENST00000597023.1	496	330	1.245	0.460006597133	0.91604196195139	yes
81	ENST00000594572.1	576	123	1.176	0.00603105601923	0.044477421639191	no
82	ENST00000621440.1	545	231	0.534	0.0295183114352	0.022758571273894	no
83	ENST00000617077.1	536	111	0.6106	-0.303030625815	0.00090054297370153	no
84	ENST00000613697.1	319	114	0.6314	-0.132585936068	0.0030936788611192	no
85	ENST00000620399.1	406	183	0.9214	0.0240160126672	0.043544556796825	no
86	ENST00000617276.1	434	132	0.7029	-0.262879822748	0.0019788132653921	no
87	ENST00000473875.5	2298	1197	0.7655	-0.0694859343132	0.99870965026649	yes
88	ENST00000366534.9	3436	2856	0.7259	-0.0353308967814	0.99999999997969	yes
89	ENST00000366531.7	3038	2403	0.7655	-0.0517560053519	0.9999999973865	yes
90	ENST00000366533.8	3019	2499	0.7924	-0.04568373446	0.99999999918372	yes
91	ENST00000478554.5	584	405	0.4694	0.0238926353839	0.10706864808901	no
92	ENST00000428042.1	2895	2298	0.7391	-0.0500514869514	0.99999999133815	yes
93	ENST00000464170.1	762	252	1.0931	-0.0851120531195	0.072689057551195	no
94	ENST00000485888.1	325	114	0.6791	-0.0898389854042	0.0047561251572723	no
95	ENST00000357055.7	4758	1299	1.0225	-0.0804830423885	0.99976124866989	yes
96	ENST00000435660.5	4776	1317	0.9624	-0.0777550329312	0.99976660548306	yes
97	ENST00000379343.6	2354	1506	0.9493	-0.0748028957128	0.99997331408695	yes
98	ENST00000454324.5	2359	795	1.0582	-0.0594615116412	0.9639934413692	yes
99	ENST00000449777.5	2207	795	1.0582	-0.0594615116412	0.96431242008632	yes
100	ENST00000282587.9	5089	1386	1.0225	-0.0780204156372	0.99990642255885	yes
101	ENST00000406369.2	4589	1164	1.0371	-0.0676575368559	0.99910794025095	yes
102	ENST00000457724.2	570	369	0.5504	-0.211073912648	0.021747550443372	no
103	ENST00000484110.1	2243	366	0.8494	-0.0280679568077	0.1427600314113	no
104	ENST00000404752.5	5511	2208	0.7961	0.0749142224141	0.9999999901581	yes
105	ENST00000406226.1	5614	2208	0.7961	0.0749142224141	0.99999999009636	yes
106	ENST00000238875.10	3856	519	1.0424	0.19519198221	0.86343943156885	yes
107	ENST00000462737.1	469	333	0.672	0.104076215061	0.1510318413626	no
108	ENST00000420552.5	548	237	0.8617	-0.0816856514377	0.032304695142824	no
109	ENST00000409537.2	3298	303	0.9893	0.153670261783	0.28940596233871	no
110	ENST00000480506.5	835	375	0.7552	-0.00694407787192	0.14600824674454	no
111	ENST00000373917.7	1630	1422	1.0872	0.339704783225	0.99999733996131	yes
112	ENST00000313597.10	1522	1263	1.1619	0.390289142082	0.99999165091987	yes
113	ENST00000635609.1	569	375	0.7552	-0.00694407787192	0.148033664684	no
114	ENST00000358215.8	1823	1263	1.1619	0.390289142082	0.99999149692814	yes
115	ENST00000443704.5	1783	873	1.0786	0.295025397768	0.99860050915858	yes
116	ENST00000373908.5	1501	1263	1.1619	0.390289142082	0.99999166155882	yes
117	ENST00000455657.5	907	537	1.2795	0.261798626227	0.9677840911547	yes
118	ENST00000435316.5	786	747	1.1008	0.343951313474	0.99653403485209	yes
119	ENST00000481170.1	4942	348	0.8077	-0.0885990429952	0.064060956890389	no
120	ENST00000321169.10	2009	1737	1.0091	0.105575076936	0.99999945833682	yes
121	ENST00000383779.8	1771	669	0.9774	0.0723072218952	0.92936263238016	yes
122	ENST00000451445.6	1734	1491	0.9893	0.116803918808	0.99999247724357	yes
123	ENST00000456194.6	1880	1656	1.0103	0.111702952732	0.99999876561468	yes
124	ENST00000457447.6	1721	1557	1.0091	0.106613583079	0.99999629884034	yes
125	ENST00000422591.5	1637	1146	1.0358	0.0672788354627	0.99962662044363	yes
126	ENST00000421993.5	861	732	1.1875	0.196053346006	0.9917600055041	yes
127	ENST00000469454.1	606	78	0.7828	-0.327305762788	0.00091847319737864	no
128	ENST00000472857.1	558	210	1.2823	0.500527801446	0.81356025391153	yes
129	ENST00000454177.5	2961	2298	0.9805	0.233263522226	0.99999999937256	yes
130	ENST00000429705.6	5128	2298	0.9805	0.233263522226	0.99999999928432	yes
131	ENST00000296088.12	5188	2298	0.9805	0.233263522226	0.99999999928171	yes
132	ENST00000462810.1	1903	735	1.0422	0.088452411235	0.97321316405272	yes
133	ENST00000484791.1	540	366	1.0221	0.203026188058	0.59369296998897	yes
134	ENST00000481892.1	511	438	1.0714	0.214372787885	0.80047554314845	yes
135	ENST00000423431.5	822	243	0.5738	-0.0638667746845	0.015698127302251	no
136	ENST00000233025.11	1082	510	0.7106	0.139820349831	0.62414880785083	yes
137	ENST00000619898.5	3786	309	0.8302	0.0837942720594	0.1389224651832	no
138	ENST00000448693.2	826	225	0.8241	-0.00491322732087	0.040793793567931	no
139	ENST00000474945.1	981	243	0.5738	-0.0638667746845	0.015549648182491	no
140	ENST00000668252.1	2140	912	0.6806	0.0268734576811	0.9810954919034	yes
141	ENST00000655299.1	2019	912	0.6806	0.0268734576811	0.98123127604275	yes
142	ENST00000662316.1	876	156	0.8632	-0.119678635083	0.010545016336442	no
143	ENST00000664745.1	1033	162	1.1588	0.176617367748	0.16782465133424	no
144	ENST00000665710.1	2978	141	0.605	-0.276954792147	0.0012529931044121	no
145	ENST00000664237.1	677	162	1.1588	0.176617367748	0.1708652174645	no
146	ENST00000485162.5	587	162	1.1588	0.176617367748	0.17164079167043	no
147	ENST00000463408.1	568	162	1.1588	0.176617367748	0.17180488034794	no
148	ENST00000470449.1	760	162	1.1588	0.176617367748	0.1701524341943	no
149	ENST00000510769.5	2149	1623	0.9459	0.247337829877	0.99999910370718	yes
150	ENST00000383366.9	2926	1938	0.9725	0.210700782783	0.99999996347186	yes
151	ENST00000506695.5	2189	651	0.8307	0.142215426683	0.91353562887825	yes
152	ENST00000510688.5	2754	1800	0.8585	0.14215941788	0.99999963845908	yes
153	ENST00000513550.1	508	105	0.5976	0.0511029710895	0.0083469401792023	no
154	ENST00000510474.5	2337	1386	1.0554	0.215855987857	0.99998974155555	yes
155	ENST00000507910.5	1841	1449	0.9656	0.145971895747	0.99998940479508	yes
156	ENST00000508196.5	1938	1938	0.9725	0.210700782783	0.99999996559875	yes
157	ENST00000515636.1	470	297	1.1303	0.225575195568	0.53154177702153	yes
158	ENST00000510823.1	534	345	1.1186	0.278207812799	0.72154800279257	yes
159	ENST00000295924.12	3861	1974	0.7452	0.0569156749926	0.99999985230376	yes
160	ENST00000461166.5	4181	1974	0.7452	0.0569156749926	0.99999984940597	yes
161	ENST00000481853.5	2035	1962	0.7452	0.064108591108	0.99999985647129	yes
162	ENST00000542783.5	3681	1974	0.7452	0.0569156749926	0.9999998539092	yes
163	ENST00000495891.1	2700	1026	0.7156	0.0215640522954	0.99463624448998	yes
164	ENST00000295830.13	1902	372	0.9388	-0.148112993878	0.098085667696218	no
165	ENST00000475836.5	581	195	0.548	-0.190012346528	0.0038468320061202	no
166	ENST00000466674.5	545	156	1.0558	-0.250432394235	0.0083297427794719	no
167	ENST00000494771.5	587	192	0.5	-0.205809307871	0.0028872401840347	no
168	ENST00000463836.1	506	366	1.0659	0.237935478402	0.67905272405042	yes
169	ENST00000448637.5	5835	1287	1.0257	0.167063069731	0.99994394828746	yes
170	ENST00000416784.5	612	453	0.9711	0.151680142632	0.69343956248384	yes
171	ENST00000430340.5	521	234	0.6547	-0.0969176007176	0.015046447337062	no
172	ENST00000414139.5	502	279	0.9887	0.0672137224786	0.1735473172199	no
173	ENST00000454789.5	343	195	0.8234	0.0930016984699	0.056876186656057	no
174	ENST00000426274.5	386	198	0.8356	0.0987378130469	0.062838219454979	no
175	ENST00000443217.5	400	138	0.7171	0.0766449472183	0.020431544413123	no
176	ENST00000618621.4	18277	1839	0.8329	0.210853574385	0.99999958088827	yes
177	ENST00000640853.1	18277	1839	0.8329	0.210853574385	0.99999958088827	yes
178	ENST00000617246.4	18220	1839	0.8329	0.210853574385	0.99999958233629	yes
179	ENST00000457242.1	479	246	0.8785	0.120755236313	0.12911352297903	no
180	ENST00000494233.5	412	147	1.1429	-0.137700318165	0.020819703693275	no
181	ENST00000484468.1	578	147	1.1429	-0.137700318165	0.020615214464055	no
182	ENST00000483938.1	368	135	0.7051	-0.198822837657	0.0031506543960567	no
183	ENST00000395002.6	4945	2010	1.1761	0.296838332075	0.9999999943378	yes
184	ENST00000264344.10	5866	3072	1.0333	0.25804750506	0.99999999999987	yes
185	ENST00000511573.5	3442	1401	1.1091	0.366742625428	0.99999709020349	yes
186	ENST00000511976.5	3579	1830	1.1094	0.324029502381	0.99999996239962	yes
187	ENST00000506433.5	571	249	0.8829	0.199680877768	0.20635413354271	no
188	ENST00000504229.2	625	216	0.8832	0.202225067514	0.15585902396541	no
189	ENST00000508360.5	1030	720	1.0767	0.284403515577	0.99250264168978	yes
190	ENST00000511623.1	245	27	0.9242	0.328887154674	0.060392137140536	no
191	ENST00000515155.1	576	180	0.9534	0.492808968539	0.51587393600941	yes
192	ENST00000502459.5	1993	975	0.9329	0.115295120156	0.9975661529821	yes
193	ENST00000515600.1	2206	609	1.21	0.191775406036	0.96836749499293	yes
194	ENST00000666918.1	618	213	0.7701	-0.099066523346	0.016856899926436	no
195	ENST00000426240.5	515	186	0.6927	-0.0821442118302	0.01117194660601	no
196	ENST00000670348.1	4486	189	0.6204	-0.413828197918	0.00081714020405297	no
197	ENST00000651917.1	2603	960	0.7214	0.0563502142305	0.99153175878392	yes
198	ENST00000610581.4	2608	960	0.7214	0.0563502142305	0.99152920927835	yes
199	ENST00000339241.1	2348	960	0.7214	0.0563502142305	0.99166077967508	yes
200	ENST00000515726.1	849	102	0.7361	0.20721679236	0.033416285067745	no
201	ENST00000507703.1	1012	627	0.6941	0.111916127959	0.82351341053681	yes
202	ENST00000622283.1	2352	960	0.7214	0.0563502142305	0.99165877094428	yes
203	ENST00000394339.2	2504	960	0.7214	0.0563502142305	0.99158208262004	yes
204	ENST00000508849.1	573	207	0.6364	0.000974701067673	0.020081028577345	no
205	ENST00000357545.9	2884	1302	0.9044	0.153333190499	0.99993614079323	yes
206	ENST00000357154.7	2986	1311	0.9385	0.15608447786	0.99994856723127	yes
207	ENST00000511531.5	2908	1311	0.9385	0.15608447786	0.99994881023087	yes
208	ENST00000506886.5	2947	1311	0.9385	0.15608447786	0.99994868887491	yes
209	ENST00000535728.5	2007	1035	1.0911	0.147150751553	0.99937120641787	yes
210	ENST00000512648.5	1456	942	0.6006	0.0601549064656	0.9863938577265	yes
211	ENST00000245407.8	3277	1674	1.1736	0.390815055542	0.99999989513866	yes
212	ENST00000437841.6	850	426	1.2224	0.630415239983	0.98857294817381	yes
213	ENST00000415928.5	720	606	1.2216	0.322113638482	0.98758328418307	yes
214	ENST00000461013.5	10435	1146	1.0967	0.280369352849	0.99987113340703	yes
215	ENST00000448810.5	852	450	1.2409	0.318456029719	0.93808450154612	yes
216	ENST00000479605.5	561	435	1.2856	0.271353163995	0.9170568692596	yes
217	ENST00000447841.5	998	378	1.106	0.254101591317	0.74687546471372	yes
218	ENST00000475308.1	3693	666	1.0156	0.182297088736	0.96352701305205	yes
219	ENST00000622181.4	1757	678	1.1779	0.45001737672	0.99697817578667	yes
220	ENST00000614343.4	1478	336	0.9303	-0.110229027439	0.086374042386526	no
221	ENST00000388825.9	1603	336	0.9303	-0.110229027439	0.085776980090257	no
222	ENST00000521650.5	467	246	1.1628	0.523014881164	0.83767974106814	yes
223	ENST00000644926.1	7376	573	1.1821	0.304640343639	0.96694009378155	yes
224	ENST00000377503.6	3442	501	0.8813	0.257166587872	0.82887828986782	yes
225	ENST00000257536.12	3171	1164	1.2959	0.419079770646	0.99998539276573	yes
226	ENST00000644313.1	3118	1164	1.2959	0.419079770646	0.99998543969678	yes
227	ENST00000541762.5	2965	1098	1.2909	0.318293275427	0.99994181171019	yes
228	ENST00000643539.1	3169	366	1.1785	0.246327015624	0.73045197995942	yes
229	ENST00000519673.1	940	759	1.3139	0.453536867825	0.99923491994572	yes
230	ENST00000520748.1	914	567	1.2353	0.444044753264	0.99176318509209	yes
231	ENST00000518764.1	547	294	0.8452	0.199976325362	0.27377341413961	no
232	ENST00000521643.1	563	138	0.822	0.154235021238	0.045736026917354	no
233	ENST00000292599.4	5748	3051	1.1141	0.318102353458	1	yes
234	ENST00000507385.1	392	264	1.1638	0.242332626871	0.49754518819086	yes
235	ENST00000511027.1	890	549	0.833	0.216967831334	0.86229058140257	yes
236	ENST00000361132.9	2297	1401	1.2928	0.545435373756	0.99999953159566	yes
237	ENST00000393371.6	2395	1401	1.2928	0.545435373756	0.99999952880015	yes
238	ENST00000520209.5	1892	717	1.3126	0.48467292726	0.99895673833148	yes
239	ENST00000519456.1	520	243	1.039	-0.102879511908	0.051368380747608	no
240	ENST00000519883.1	595	378	1.1967	0.455770750359	0.93836862027043	yes
241	ENST00000377791.3	1654	393	1.2116	0.566361572948	0.97334680434067	yes
242	ENST00000314088.6	1668	393	1.2116	0.566361572948	0.97332474253833	yes
243	ENST00000602637.1	1462	393	1.2116	0.566361572948	0.97364758130549	yes
244	ENST00000377575.3	1943	318	0.7169	-0.22816067541	0.017451763210086	no
245	ENST00000477243.1	113	30	0.9869	0.137038760163	0.022448601746033	no
246	ENST00000428778.5	497	252	0.8125	0.0161827400939	0.060491969448704	no
247	ENST00000486917.1	620	204	0.6538	-0.013058530247	0.018688768753778	no
248	ENST00000374542.10	2558	2223	0.9134	0.400856163265	0.99999999943752	yes
249	ENST00000266000.10	2606	2223	0.9134	0.400856163265	0.99999999943588	yes
250	ENST00000414083.6	2355	1998	0.8771	0.396001348542	0.99999999267703	yes
251	ENST00000468536.5	817	681	0.9177	0.493124390821	0.99529987329279	yes
252	ENST00000490173.1	641	411	1.0168	0.012978392944	0.39848382272156	yes
253	ENST00000446403.1	702	534	1.0126	0.369326590726	0.96281377847503	yes
254	ENST00000412306.1	546	93	1.1962	-0.19823660189	0.0092393169072189	no
255	ENST00000320172.11	5582	1329	1.0762	0.390966349796	0.99999317977275	yes
256	ENST00000369754.7	5664	1386	1.0762	0.378906106647	0.99999599222819	yes
257	ENST00000369756.3	5537	1572	0.9883	0.359655378671	0.99999920321238	yes
258	ENST00000423467.1	356	87	0.979	0.137665162022	0.039430127191933	no
259	ENST00000368761.11	5833	1698	0.9692	0.200712652071	0.99999937000571	yes
260	ENST00000340026.10	2785	1725	0.9692	0.196483964912	0.99999959792245	yes
261	ENST00000492671.1	664	150	1.2944	0.232526650175	0.28633080242107	no
262	ENST00000368731.6	1407	474	1.2227	0.325264236201	0.94938750393049	yes
263	ENST00000368735.1	903	330	1.2964	0.304805061867	0.81784558626993	yes
264	ENST00000368734.5	849	330	1.2964	0.304805061867	0.8183335340206	yes
265	ENST00000368730.5	737	330	1.2964	0.304805061867	0.8193423306371	yes
266	ENST00000651547.1	860	738	0.789	0.137978361364	0.96157659158494	yes
267	ENST00000650859.1	577	378	0.7007	0.16516510607	0.32015657319448	no
268	ENST00000651359.1	536	315	0.6404	0.209395890178	0.20930372663864	no
269	ENST00000650649.1	496	240	0.8004	0.0852888273382	0.079126595659417	no
270	ENST00000337147.11	3068	1761	1.2625	0.589897935204	0.99999999178815	yes
271	ENST00000392177.8	2933	1761	1.2877	0.590187514429	0.99999999248958	yes
272	ENST00000367075.4	3052	1761	1.2625	0.589897935204	0.99999999179613	yes
273	ENST00000476189.1	956	213	1.2686	0.296726048029	0.52321969869357	yes
274	ENST00000609497.5	1578	501	0.709	-0.230502712392	0.11201797648061	no
275	ENST00000609307.1	248	60	0.7673	-0.119755958612	0.0028914098555005	no
276	ENST00000608807.1	194	63	1.16	-0.217032678086	0.0054006452030872	no
277	ENST00000405342.5	1759	894	0.9366	0.0860365314966	0.99312355728257	yes
278	ENST00000643244.1	1542	894	0.9366	0.0860365314966	0.99321295558392	yes
279	ENST00000610140.7	1667	1011	1.0161	0.149516653386	0.99900544157663	yes
280	ENST00000456458.5	1742	894	0.9366	0.0860365314966	0.99313060285515	yes
281	ENST00000473083.1	369	162	1.0352	0.125594416863	0.092286741774126	no
282	ENST00000409787.4	840	618	0.9042	0.0826389212715	0.8721714605013	yes
283	ENST00000461851.2	562	240	0.8709	0.0107540597651	0.061290264609295	no
284	ENST00000356860.8	7542	3276	0.9459	0.0958795907656	1	yes
285	ENST00000469297.1	413	129	0.6603	-0.204759316354	0.0024614340509969	no
286	ENST00000486539.1	526	141	0.9566	-0.0162187687354	0.023989011166708	no
287	ENST00000443883.1	840	612	0.9656	0.058848371236	0.86889981688217	yes
288	ENST00000475237.5	419	378	0.8288	-0.00559972485809	0.18717972537174	no
289	ENST00000492734.1	594	300	0.8119	-0.0287012124355	0.073918194990051	no
290	ENST00000398204.8	9334	2613	0.8352	0.0907319967169	0.99999999987597	yes
291	ENST00000439864.5	2576	1029	0.959	0.172532804995	0.99911070459298	yes
292	ENST00000412441.5	726	588	1.1047	0.33331410677	0.97992299463081	yes
293	ENST00000398201.8	2784	2580	0.8426	0.0901705863111	0.99999999988325	yes
294	ENST00000398209.7	9144	2700	0.8406	0.0854604304323	0.99999999995127	yes
295	ENST00000426930.5	1259	939	0.967	-0.0129801994415	0.99283531942025	yes
296	ENST00000413139.1	793	333	1.0056	-0.205970937001	0.06036290553597	no
297	ENST00000476330.1	613	117	0.7316	0.0754035027412	0.016746974181684	no
298	ENST00000431679.6	1345	666	1.2852	0.263943286611	0.99185950775937	yes
299	ENST00000453227.5	1041	666	1.2852	0.263943286611	0.99200720022578	yes
300	ENST00000429679.1	482	300	0.8391	0.13679913052	0.20701147804001	no
301	ENST00000313669.12	2978	1326	0.7728	0.368858961201	0.99998194474671	yes
302	ENST00000613501.1	2970	1320	0.7728	0.371827748592	0.99998111781336	yes
303	ENST00000613091.1	523	177	1.0692	0.3905839723	0.43123917877487	yes
304	ENST00000673784.1	4001	1404	0.8414	-0.0921743532759	0.99986015578348	yes
305	ENST00000673689.1	6669	1083	0.9588	-0.0191171301944	0.99774762325803	yes
306	ENST00000673709.1	6781	552	0.8566	-0.0732991996683	0.41747817709208	yes
307	ENST00000673970.1	6787	1446	0.9316	-0.0283015589342	0.99994803517819	yes
308	ENST00000673992.1	6811	1083	0.9588	-0.0191171301944	0.99772816354161	yes
309	ENST00000673665.1	7127	1446	0.9316	-0.0283015589342	0.99994695130821	yes
310	ENST00000320552.6	2696	1515	0.7546	-0.0163715818539	0.99996901384827	yes
311	ENST00000523418.5	2414	285	0.5444	-0.0738285096264	0.019093869695687	no
312	ENST00000308811.8	2783	1515	0.7546	-0.0163715818539	0.99996884973555	yes
313	ENST00000522866.5	714	399	0.8534	0.141018701598	0.44670950700245	yes
314	ENST00000518414.5	564	219	0.9542	0.210542125169	0.20177501967517	no
315	ENST00000521270.5	581	129	1.2209	0.443469539575	0.50663174118414	yes
316	ENST00000398612.3	2803	1515	0.7546	-0.0163715818539	0.99996881188578	yes
317	ENST00000521238.2	562	372	0.8185	0.0211250331723	0.19814846249653	no
318	ENST00000523333.1	520	258	1.0149	0.171046469624	0.26484020057924	no
319	ENST00000656213.1	4029	378	0.8144	0.0641875856379	0.21889598265606	no
320	ENST00000664195.1	4238	378	0.8144	0.0641875856379	0.21673395144854	no
321	ENST00000656567.1	3774	378	0.8144	0.0641875856379	0.22155483229445	no
322	ENST00000665607.1	4069	378	0.8144	0.0641875856379	0.21848099867022	no
323	ENST00000529456.1	1432	306	0.6949	0.0605170486542	0.091740600801832	no
324	ENST00000606573.1	2630	276	0.8637	-0.130499209276	0.031661817156309	no
325	ENST00000653873.1	2209	246	0.6687	-0.0698156794239	0.019241084886203	no
326	ENST00000522037.5	718	528	0.6371	0.330463822108	0.852165541548	yes
327	ENST00000523941.5	568	381	0.8139	0.298576134505	0.62631437926093	yes
328	ENST00000524057.3	564	558	0.7999	0.301141846641	0.91707874647152	yes
329	ENST00000518512.5	755	126	0.6826	-0.0786454033815	0.0057372509207805	no
330	ENST00000519453.3	560	108	1.1722	-0.216629406338	0.0089197800840759	no
331	ENST00000523965.5	2028	990	1.0272	0.471001934944	0.99985237940508	yes
332	ENST00000523348.1	680	153	1.2904	-0.282922276328	0.013418640497392	no
333	ENST00000520207.2	576	270	0.5726	0.140580303514	0.076883943651612	no
334	ENST00000519127.1	209	147	0.7811	-0.0539904467211	0.011861110783652	no
335	ENST00000517567.5	583	300	0.6716	-0.0935905975796	0.032402508328669	no
336	ENST00000520763.5	569	396	0.634	0.129487703976	0.26833577319007	no
337	ENST00000360128.11	3561	903	1.0595	0.355897595577	0.999198748157	yes
338	ENST00000518389.1	872	405	0.6142	0.116496845272	0.25499304788186	no
339	ENST00000519089.1	558	444	0.7471	0.00297194658959	0.27619544012165	no
340	ENST00000448464.6	5631	495	0.881	0.0870788694144	0.56364716199938	yes
341	ENST00000342697.5	5605	723	0.9266	0.0631894060558	0.93750672267252	yes
342	ENST00000524395.5	1125	243	0.578	0.0840938945551	0.040438658275236	no
343	ENST00000534350.5	1329	243	0.578	0.0840938945551	0.039960743714426	no
344	ENST00000331434.7	2588	690	0.7861	0.197740353557	0.95173079780161	yes
345	ENST00000530455.5	2676	363	0.4862	-0.00506749777472	0.055170474631036	no
346	ENST00000647640.1	1693	711	0.7849	0.188203393204	0.96068873762426	yes
347	ENST00000648784.1	1761	711	0.7849	0.188203393204	0.96053251060301	yes
348	ENST00000669133.1	3652	237	0.958	-0.00651474258988	0.057905511868179	no
349	ENST00000648131.1	3342	237	0.958	-0.00651474258988	0.058940924612511	no
350	ENST00000252506.11	1066	480	1.2924	0.575643162068	0.99252955116286	yes
351	ENST00000375769.1	977	426	1.2924	0.609771980346	0.98939961777493	yes
352	ENST00000434663.5	556	216	0.8718	-0.00534865625163	0.043459606490191	no
353	ENST00000373823.7	3341	2196	1.2019	0.568489936638	0.99999999989452	yes
354	ENST00000432226.5	1042	780	1.3156	0.662217818753	0.99984605534063	yes
355	ENST00000373808.8	2664	2229	1.1914	0.556922051044	0.99999999992095	yes
356	ENST00000449733.7	2702	2304	1.2715	0.551145721769	0.99999999997156	yes
357	ENST00000394353.7	2311	2247	1.2019	0.564881114687	0.99999999994153	yes
358	ENST00000545652.6	2428	2220	1.1914	0.563522184264	0.99999999991778	yes
359	ENST00000373818.8	2657	2349	1.2039	0.552591893151	0.99999999997864	yes
360	ENST00000485767.1	6454	375	1.3104	0.36411652966	0.88962186135863	yes
361	ENST00000373807.5	2823	1458	1.282	0.506275114673	0.99999965015492	yes
362	ENST00000319119.4	6564	1515	0.8979	0.303787304775	0.99999698272719	yes
363	ENST00000373452.2	6528	1551	0.8979	0.298626171713	0.99999788929132	yes
364	ENST00000561457.2	2804	441	0.5657	0.121468169139	0.28499732932954	no
365	ENST00000557985.2	1981	420	1.2092	0.641925974569	0.98739854408885	yes
366	ENST00000418388.6	2827	441	0.5657	0.121468169139	0.28471283924078	no
367	ENST00000447934.1	648	198	0.6718	-0.151324620717	0.0075107803846184	no
368	ENST00000396913.6	1732	717	1.1169	0.336017698591	0.99492179315283	yes
369	ENST00000263038.9	1541	1017	1.1981	0.270257011697	0.99976454484083	yes
370	ENST00000396920.7	1829	966	1.0824	0.248198438088	0.99930832821636	yes
371	ENST00000453759.6	883	528	1.2234	0.371409010761	0.97924783294438	yes
372	ENST00000464049.1	1012	276	0.7845	0.0632003157584	0.091772783276389	no
373	ENST00000463730.1	568	342	1.0205	-0.0085131194862	0.21693262049672	no
374	ENST00000376356.5	3737	2232	0.9719	-0.0385763686954	0.99999999169869	yes
375	ENST00000524413.5	3788	2232	0.9719	-0.0385763686954	0.99999999167294	yes
376	ENST00000605946.1	382	63	1.0588	0.105463361159	0.031801036814569	no
377	ENST00000450834.2	576	210	0.6662	-0.591446222544	0.00046489224235352	no
378	ENST00000424191.1	320	75	0.9664	-0.0879495307797	0.0077695054160909	no
379	ENST00000607166.1	2503	315	0.5916	-0.0066608902729	0.046159579811601	no
380	ENST00000659795.1	2204	276	0.4171	-0.287799651741	0.0029109294510386	no
381	ENST00000606286.1	476	189	0.9442	0.0012641740223	0.042802591390674	no
382	ENST00000381519.5	643	462	1.2408	0.577799365196	0.98977342929705	yes
383	ENST00000397298.8	673	462	1.2408	0.577799365196	0.98975497506911	yes
384	ENST00000381514.7	919	492	1.2241	0.438157672483	0.98026891070946	yes
385	ENST00000397294.7	551	501	1.043	0.393103173204	0.95925420630648	yes
386	ENST00000462288.5	659	327	1.1432	0.517804439842	0.917523850865	yes
387	ENST00000486931.1	745	171	1.013	0.0158709583921	0.047166879528884	no
388	ENST00000429295.1	805	321	0.9298	0.0711548903025	0.216863513443	no
389	ENST00000466346.1	736	372	0.88	0.189607888881	0.47431200747373	yes
390	ENST00000484918.1	232	219	1.0532	0.241743756348	0.30195233596044	no
391	ENST00000377316.6	2868	1668	1.3047	0.609847390919	0.99999998297615	yes
392	ENST00000377313.6	2691	1848	1.309	0.583089360666	0.99999999716817	yes
393	ENST00000315422.9	2960	1833	1.2985	0.59048642602	0.99999999666797	yes
394	ENST00000450708.7	2712	1833	1.2985	0.59048642602	0.99999999671776	yes
395	ENST00000377321.5	2614	1728	1.2985	0.593591936522	0.99999999005273	yes
396	ENST00000312049.10	2761	1833	1.2985	0.59048642602	0.99999999670798	yes
397	ENST00000394374.6	3155	1848	1.309	0.583089360666	0.99999999708725	yes
398	ENST00000478548.2	3132	1053	1.35	0.610566065504	0.99998846955011	yes
399	ENST00000671939.1	2891	1200	1.2328	0.576778776007	0.999995811415	yes
400	ENST00000440873.6	2661	1833	1.2985	0.59048642602	0.99999999672791	yes
401	ENST00000671965.1	1037	240	1.2414	0.36569969542	0.67915187333944	yes
402	ENST00000357440.7	2455	1371	1.3494	0.494083632745	0.99999923146315	yes
403	ENST00000311161.11	2262	1086	1.2837	0.35695762354	0.99994969573685	yes
404	ENST00000540386.5	2474	906	1.3336	0.483761282485	0.99986797566206	yes
405	ENST00000619145.4	2380	1086	1.2837	0.35695762354	0.99994933404157	yes
406	ENST00000544554.5	2505	1371	1.3494	0.494083632745	0.99999922912638	yes
407	ENST00000541567.5	2272	1011	1.3715	0.456972404071	0.99995559403938	yes
408	ENST00000546034.1	2509	1371	1.3494	0.494083632745	0.99999922893913	yes
409	ENST00000312419.8	1694	324	1.2274	0.45581145684	0.89744361569064	yes
410	ENST00000529704.5	1486	165	0.6912	-0.0510217701592	0.01026856489724	no
411	ENST00000533429.1	860	165	0.6912	-0.0510217701592	0.010662142052374	no
412	ENST00000530584.5	899	165	0.6912	-0.0510217701592	0.010637191977976	no
413	ENST00000534515.1	1793	240	1.1366	0.215980379803	0.35118898953274	no
414	ENST00000528087.1	1701	270	1.1574	0.410261327921	0.74349279893075	yes
415	ENST00000539074.1	714	240	1.0251	0.476286772553	0.69424275861505	yes
416	ENST00000531239.2	584	165	0.6912	-0.0510217701592	0.010840373910031	no
417	ENST00000542982.1	809	231	1.0273	0.272249075626	0.34903599253604	no
418	ENST00000531217.5	1745	510	1.2868	0.51095713286	0.99123116104338	yes
419	ENST00000444328.6	1812	1002	1.277	0.518006441983	0.99995719348337	yes
420	ENST00000534083.5	1919	1002	1.277	0.518006441983	0.99995691448106	yes
421	ENST00000528605.5	1100	723	1.1977	0.439262885731	0.99819698597311	yes
422	ENST00000528858.5	763	627	1.2628	0.521336357065	0.99763700105249	yes
423	ENST00000392669.6	1724	1002	1.277	0.518006441983	0.99995742158879	yes
424	ENST00000534457.5	987	987	1.2788	0.500424705069	0.99994652633926	yes
425	ENST00000524834.5	788	777	1.0842	0.382524556053	0.99795036704393	yes
426	ENST00000533826.1	1037	261	1.0029	-0.0703646767118	0.065895032257944	no
427	ENST00000540184.5	978	513	0.942	0.225220730377	0.86257509788772	yes
428	ENST00000544943.5	548	411	1.2009	0.260700606327	0.85910386139644	yes
429	ENST00000538354.5	1229	510	1.1054	0.262889142195	0.9276586472552	yes
430	ENST00000545331.5	1373	801	1.1061	0.262655073122	0.99662970713065	yes
431	ENST00000448120.7	3080	1329	1.1911	0.262312081706	0.999990451394	yes
432	ENST00000538704.1	449	270	1.2609	0.288340241908	0.65935838909395	yes
433	ENST00000656828.1	1374	225	0.5356	-0.242156440547	0.003457695976525	no
434	ENST00000539135.1	555	201	1.0125	0.0165549087019	0.064954030469319	no
435	ENST00000663068.1	621	201	1.0125	0.0165549087019	0.064711063504537	no
436	ENST00000646245.1	1499	204	0.8113	-0.0841762896453	0.018180954633462	no
437	ENST00000646756.1	2779	333	0.4293	-0.583616694334	0.00076888530018507	no
438	ENST00000646138.1	2353	204	0.8113	-0.0841762896453	0.017278105327092	no
439	ENST00000537370.1	495	114	0.7011	-0.112855878857	0.0043348604663265	no
440	ENST00000534885.5	2069	1044	1.0425	0.360310902094	0.99983662503652	yes
441	ENST00000162749.7	2171	1368	0.9752	0.314232142313	0.99999170962375	yes
442	ENST00000536717.5	1503	858	1.0665	0.377826967432	0.99902660591339	yes
443	ENST00000543359.5	627	519	1.0182	0.480079645527	0.97906419885151	yes
444	ENST00000537842.5	404	102	0.7415	0.164376004614	0.026504146902063	no
445	ENST00000366159.8	1339	657	0.6987	0.154056568241	0.89449620078021	yes
446	ENST00000437813.7	634	333	0.7764	0.142150819555	0.23918659495872	no
447	ENST00000440083.6	1034	762	0.7586	0.102459921368	0.95846508887079	yes
448	ENST00000536194.1	581	354	0.8062	0.214480018481	0.41200071754205	yes
449	ENST00000535958.1	568	198	1.0729	0.103621913061	0.12614185044153	no
450	ENST00000538363.1	554	216	0.7906	0.082925364473	0.059319163581677	no
451	ENST00000406697.5	3076	2067	0.9056	0.191367144619	0.99999998718868	yes
452	ENST00000328916.7	2972	2067	0.9056	0.191367144619	0.99999998726933	yes
453	ENST00000617865.4	2844	2103	0.8405	0.180053123655	0.99999998868349	yes
454	ENST00000402681.7	2522	1566	0.9712	0.205401363056	0.99999793151401	yes
455	ENST00000489541.1	551	153	0.8466	-0.110443120056	0.010504600225499	no
456	ENST00000543187.5	566	264	0.7503	0.0734832446283	0.080586794336853	no
457	ENST00000488701.1	634	264	0.7503	0.0734832446283	0.080281405752322	no
458	ENST00000423384.5	573	300	0.8117	0.152542693814	0.20904305288686	no
459	ENST00000403949.5	1034	504	0.9702	0.147583744585	0.78787237689733	yes
460	ENST00000495053.1	766	297	0.8048	0.13079530578	0.17651746282908	no
461	ENST00000473545.1	557	135	1.0108	0.150361096713	0.075682993543187	no
462	ENST00000470326.1	541	213	0.9094	0.0590055150231	0.070437851230475	no
463	ENST00000461983.5	950	558	0.8343	0.15718457206	0.82309769124157	yes
464	ENST00000497061.1	452	138	0.7998	0.049892688965	0.022096744338187	no
465	ENST00000380518.8	5059	4464	1.0594	0.246579127989	1	yes
466	ENST00000493991.5	3756	1176	1.2092	0.393681721417	0.99997935676829	yes
467	ENST00000337299.7	4442	4257	1.0594	0.242505050278	1	yes
468	ENST00000546974.1	703	561	1.0659	0.311557468452	0.96550460269859	yes
469	ENST00000474996.6	760	156	0.7843	-0.161119603677	0.0063308523030052	no
470	ENST00000466884.1	478	90	0.9378	0.000785017266921	0.014757132156365	no
471	ENST00000490609.2	747	324	0.922	0.272883380338	0.51482382158696	yes
472	ENST00000360284.7	2589	1836	1.1777	0.461750224922	0.99999998921514	yes
473	ENST00000546842.5	1258	1083	0.9578	0.305728783944	0.99980912460641	yes
474	ENST00000553200.1	521	411	0.5148	0.0661945383939	0.16377511364658	no
475	ENST00000545748.5	3511	1959	1.1777	0.435111781396	0.99999999640276	yes
476	ENST00000550082.5	2029	1836	1.1777	0.461750224922	0.99999998957569	yes
477	ENST00000549102.1	600	249	0.6618	0.034471161799	0.04171523291023	no
478	ENST00000478250.1	1820	978	0.927	0.288873555691	0.99924368035723	yes
479	ENST00000547206.5	570	345	1.1595	0.417136482867	0.88034935114747	yes
480	ENST00000243050.5	2678	1797	1.1777	0.466796258439	0.99999998401122	yes
481	ENST00000394825.6	2485	1797	1.1777	0.466796258439	0.9999999841975	yes
482	ENST00000394824.2	2639	1797	1.1777	0.466796258439	0.99999998404904	yes
483	ENST00000548733.1	535	363	1.3296	-0.056684540207	0.40096287353032	yes
484	ENST00000286494.9	2554	1743	0.9752	0.318197850175	0.99999985661297	yes
485	ENST00000616622.1	2103	1425	1.2045	0.365008534362	0.99999844883091	yes
486	ENST00000471370.5	1945	858	0.9442	0.306700903337	0.99765481528162	yes
487	ENST00000469072.5	668	573	1.2549	0.419597744307	0.99159801371802	yes
488	ENST00000466399.1	593	555	1.1718	0.400313606527	0.98511456053134	yes
489	ENST00000484357.1	274	186	1.2692	-0.0976670802926	0.059544800737761	no
490	ENST00000665594.1	2070	1563	1.2767	0.361035913657	0.99999971510268	yes
491	ENST00000637859.1	420	420	1.1647	0.368577347018	0.92494103173978	yes
492	ENST00000661867.1	2389	1692	1.2199	0.314799191412	0.99999988319231	yes
493	ENST00000440686.5	1819	1110	1.2767	0.371734150948	0.99996497161692	yes
494	ENST00000497297.1	586	297	1.2738	0.380446112295	0.83099407366649	yes
495	ENST00000463802.1	577	408	1.2767	0.336483109675	0.92499134991258	yes
496	ENST00000487816.5	1794	312	0.9804	0.326441245113	0.59943299424811	yes
497	ENST00000474791.5	715	489	1.0195	0.22478570203	0.86223304940784	yes
498	ENST00000647763.1	2887	525	1.0266	-0.012009221944	0.63417822982254	yes
499	ENST00000551997.1	557	273	1.2601	0.220718276678	0.55905547988129	yes
500	ENST00000300145.4	3134	741	1.0012	0.108003005204	0.9729614262585	yes
501	ENST00000549257.5	519	387	0.9744	0.00941627115848	0.30563697463346	no
502	ENST00000546709.1	564	426	1.059	-0.0034257957846	0.4450594027905	yes
503	ENST00000378244.6	2337	885	0.7988	-0.0334610107686	0.97387564886932	yes
504	ENST00000549100.5	501	96	0.4571	-0.438463081623	0.00019386835140197	no
505	ENST00000547823.1	320	51	0.8829	0.216547697017	0.033531766865676	no
506	ENST00000416321.5	1155	885	0.7988	-0.0334610107686	0.9756408042519	yes
507	ENST00000548313.5	389	147	0.7388	-0.0922262819507	0.0080114304573171	no
508	ENST00000550587.5	1165	1161	0.8563	-0.013250642952	0.99907768774746	yes
509	ENST00000549249.5	1003	999	0.9226	0.0127245403856	0.99640946877286	yes
510	ENST00000299185.12	768	594	1.0326	-0.0358756806152	0.78349100785635	yes
511	ENST00000549341.1	541	318	0.9766	-0.112288553026	0.085914090687601	no
512	ENST00000551642.1	1033	849	0.7664	-0.0491718418583	0.95700985353726	yes
513	ENST00000615278.1	415	126	1.1107	0.049691311369	0.050117366815383	no
514	ENST00000257575.8	3882	1335	1.1882	0.459778656236	0.99999742570152	yes
515	ENST00000392549.6	2896	1335	1.1882	0.459778656236	0.99999757529775	yes
516	ENST00000407967.7	2415	1263	1.2067	0.454982957524	0.99999500479055	yes
517	ENST00000622220.1	2176	966	1.0421	0.236728795525	0.99913532291568	yes
518	ENST00000319176.11	2180	966	1.0421	0.236728795525	0.99913511306412	yes
519	ENST00000552920.1	550	102	0.8359	-0.136272046035	0.0049625025652728	no
520	ENST00000596904.5	698	231	1.1793	0.384502272748	0.64615560789604	yes
521	ENST00000427198.2	791	462	1.1064	0.266622832302	0.88960326497109	yes
522	ENST00000648194.1	6656	3165	0.9434	0.21630411373	1	yes
523	ENST00000377625.6	6182	3708	1.033	0.249202449365	1	yes
524	ENST00000431480.6	6347	3873	0.9451	0.241711193888	1	yes
525	ENST00000493487.1	458	249	1.091	0.216394150451	0.35985497864651	no
526	ENST00000557736.5	636	231	0.4307	-0.135933755213	0.0055838922199638	no
527	ENST00000555300.1	488	138	0.8725	-0.210193179303	0.0050618428556706	no
528	ENST00000354586.5	4864	672	0.8473	0.012297854059	0.83432509061312	yes
529	ENST00000442123.6	4554	672	0.8473	0.012297854059	0.83691055097362	yes
530	ENST00000556861.1	840	111	0.7069	-0.375386089114	0.00074214507112399	no
531	ENST00000673751.1	609	42	1.1012	-0.0167201342963	0.012993097948192	no
532	ENST00000554335.6	7157	2157	0.9474	0.315885196978	0.99999999760924	yes
533	ENST00000673833.1	590	12	0.5599	-0.617440718982	3.2952150898671E-5	no
534	ENST00000251091.9	6565	1893	1.0596	0.34660785954	0.99999997702102	yes
535	ENST00000392067.7	6833	2157	0.9474	0.315885196978	0.99999999765581	yes
536	ENST00000555112.1	2287	744	1.1172	0.324552606719	0.99576938206057	yes
537	ENST00000555091.1	547	228	0.8648	0.330567557367	0.31749050149494	no
538	ENST00000557692.2	1119	441	0.7748	0.235908218887	0.64452781245868	yes
539	ENST00000557013.1	3637	417	0.7353	0.249988328429	0.53781695657152	yes
540	ENST00000556069.5	795	489	0.9033	0.226988362499	0.81435388195999	yes
541	ENST00000555719.1	413	51	1.2295	0.360287138247	0.20936303014226	no
542	ENST00000267512.9	3391	627	0.9203	0.300227489641	0.96610192613994	yes
543	ENST00000642625.1	3518	501	1.1581	0.519640461084	0.98486874939535	yes
544	ENST00000533601.7	3437	639	1.3041	0.575068987078	0.99849486491748	yes
545	ENST00000554593.2	3109	501	1.1581	0.519640461084	0.98523440948023	yes
546	ENST00000426039.8	3259	714	1.2861	0.577629095946	0.99931087514474	yes
547	ENST00000642782.1	4380	549	1.2458	0.453364456317	0.98879728456048	yes
548	ENST00000585059.5	2209	483	0.9194	0.0374571618553	0.53171786284085	yes
549	ENST00000555256.1	560	111	1.0849	0.00149600316668	0.028966534423978	no
550	ENST00000556168.1	487	264	1.1504	0.105197156668	0.27625402979522	no
551	ENST00000554519.1	813	186	0.7738	-0.071409317692	0.015134624579781	no
552	ENST00000544417.5	933	306	0.796	0.217517250953	0.28740326507258	no
553	ENST00000561424.5	604	360	0.8184	0.173837202518	0.37232922302031	yes
554	ENST00000349264.10	732	174	0.8458	-0.0565499117376	0.018414822706476	no
555	ENST00000648006.2	1675	360	0.8184	0.173837202518	0.35726220643059	no
556	ENST00000557901.5	407	156	0.6574	-0.0215543150805	0.010859706705164	no
557	ENST00000559220.1	580	78	0.869	-0.648214256023	0.000145055975202	no
558	ENST00000623550.1	2329	192	0.6217	-0.230791763589	0.0032272118757547	no
559	ENST00000565113.5	4589	2424	1.0124	0.0786333656361	0.99999999955462	yes
560	ENST00000568310.1	1293	975	0.9832	0.11586331892	0.99801498137363	yes
561	ENST00000407106.5	2152	1260	1.1109	0.336741899457	0.9999850215134	yes
562	ENST00000558767.5	2087	483	1.2465	0.357359629912	0.96353731371148	yes
563	ENST00000261755.9	1471	1260	1.1109	0.336741899457	0.9999856282248	yes
564	ENST00000561369.1	746	525	0.9961	0.261012007895	0.91582761400696	yes
565	ENST00000561421.6	1456	1260	1.1109	0.336741899457	0.99998564130815	yes
566	ENST00000539156.5	3427	1050	1.0357	0.301438069631	0.99974946051649	yes
567	ENST00000646551.1	3016	579	1.1128	0.335700326296	0.97570175655629	yes
568	ENST00000558627.1	842	570	1.1849	0.277888451403	0.97267597400593	yes
569	ENST00000558514.1	255	117	0.9899	0.10620790402	0.04582746257113	no
570	ENST00000559542.1	782	342	0.9712	0.0998592741134	0.32387927695483	no
571	ENST00000561353.2	324	162	1.2189	0.296612431637	0.35962744664843	no
572	ENST00000559217.1	619	441	0.9415	0.202506218573	0.71680307447247	yes
573	ENST00000568634.1	418	129	0.6525	-0.103880799033	0.0046635108790006	no
574	ENST00000561498.1	369	84	0.6918	-0.258955814839	0.0011727163626732	no
575	ENST00000565495.1	290	36	0.7462	-0.811371222614	2.1708271420611E-5	no
576	ENST00000558187.5	596	561	1.0181	0.211317613247	0.92596565681022	yes
577	ENST00000560401.5	1798	681	1.1	0.103861057519	0.96437994287467	yes
578	ENST00000558550.1	418	384	1.0137	0.147106762642	0.54628553355274	yes
579	ENST00000560381.1	459	432	1.1124	0.136115627862	0.71903654166318	yes
580	ENST00000575672.1	1613	417	0.6497	-0.368660880186	0.016641093212283	no
581	ENST00000204517.11	2163	1017	1.2349	0.632267806907	0.9999800401754	yes
582	ENST00000575320.1	6491	765	0.5032	0.000759370367843	0.79672756152045	yes
583	ENST00000574639.1	595	336	1.2892	0.63578245589	0.97697834901479	yes
584	ENST00000573476.1	785	504	1.152	0.0196994565375	0.74156610964217	yes
585	ENST00000575300.1	1326	621	1.0639	0.250497867796	0.97161977195498	yes
586	ENST00000572393.1	507	411	1.2787	0.035416258808	0.63815651990846	yes
587	ENST00000586724.5	549	468	0.9443	0.339975995672	0.89484914444464	yes
588	ENST00000590191.1	2564	1614	0.9676	0.307412971371	0.99999936352355	yes
589	ENST00000586256.1	3705	1197	0.8006	0.328495575897	0.99990895401081	yes
590	ENST00000299320.10	2457	1563	0.9912	0.316273903398	0.99999903879049	yes
591	ENST00000619274.1	953	303	1.1709	0.15410851904	0.45452257166078	yes
592	ENST00000651988.1	2818	474	0.8424	0.311243651415	0.82613659228484	yes
593	ENST00000652360.1	2897	387	0.615	0.172580103227	0.26562733018967	no
594	ENST00000561924.6	584	249	0.9732	0.248732958688	0.32294930315495	no
595	ENST00000290858.11	3134	549	0.8209	0.345941305525	0.92495916883982	yes
596	ENST00000412916.7	3103	564	0.8184	0.325368857307	0.92636114816015	yes
597	ENST00000564034.6	533	303	0.9196	0.460759419767	0.74614603327443	yes
598	ENST00000563939.3	2250	303	0.8185	0.049285085836	0.11299761107822	no
599	ENST00000567947.1	610	111	0.6602	-0.281313065038	0.0012088514528812	no
600	ENST00000652116.1	2686	141	0.6251	-0.373431432358	0.00071890273533944	no
601	ENST00000566281.1	484	75	1.0761	0.0158099639648	0.021248990064018	no
602	ENST00000574481.6	1165	795	0.8475	0.271969834394	0.99250600044823	yes
603	ENST00000572144.5	2360	444	0.7277	0.281000465389	0.6686061485094	yes
604	ENST00000576915.1	1161	444	0.7277	0.281000465389	0.68453437587447	yes
605	ENST00000571044.5	582	570	0.9948	0.192272578439	0.918752145755	yes
606	ENST00000571605.1	580	570	0.7397	0.216356778912	0.85608368482294	yes
607	ENST00000627394.2	894	231	0.794	0.027206161515	0.048367952509281	no
608	ENST00000569332.5	1856	906	0.9861	0.252253501493	0.99825554963965	yes
609	ENST00000566780.6	2241	1245	0.8942	0.298591585638	0.9999549888307	yes
610	ENST00000562214.5	654	417	1.0254	0.366305302462	0.88206558669718	yes
611	ENST00000569818.1	525	111	1.145	0.687763674966	0.77026066717507	yes
612	ENST00000565562.5	448	345	0.9678	0.317348186099	0.67743106986455	yes
613	ENST00000561846.5	769	522	0.8942	0.307690977103	0.91222902612801	yes
614	ENST00000563358.5	724	231	0.794	0.027206161515	0.048845286592197	no
615	ENST00000562639.5	595	435	1.0308	0.246124074271	0.80749375393473	yes
616	ENST00000620008.1	450	246	0.7133	-0.0949625856877	0.020828694441845	no
617	ENST00000566103.1	816	126	0.9371	0.34954700196	0.17770415894308	no
618	ENST00000648446.1	4724	3135	1.2989	0.598535204247	1	yes
619	ENST00000648651.1	4931	3192	1.3051	0.592950919	1	yes
620	ENST00000361007.7	4714	3087	1.3051	0.59539314752	1	yes
621	ENST00000570984.7	3857	3087	1.3051	0.59539314752	1	yes
622	ENST00000574341.1	541	69	1.2368	-0.192151530435	0.0084387848515622	no
623	ENST00000574308.1	403	246	0.948	0.229917486851	0.27585801635102	no
624	ENST00000572615.1	1035	531	0.5589	0.0582908388339	0.43098493453045	yes
625	ENST00000575864.5	601	456	1.2833	0.58803240775	0.99108674791892	yes
626	ENST00000571615.1	553	429	1.2357	0.581531452337	0.98565327098709	yes
627	ENST00000573961.1	443	45	1.1026	-0.0142499735339	0.013829346021717	no
628	ENST00000573198.5	582	111	1.2864	-0.298221349934	0.0076960624922829	no
629	ENST00000570490.5	565	504	1.1782	0.676880039231	0.99588421965759	yes
630	ENST00000575335.5	753	411	1.1992	0.687014094895	0.99009529242449	yes
631	ENST00000667870.1	2589	285	1.1488	0.0557559054428	0.23233645789439	no
632	ENST00000653385.1	1948	285	1.1488	0.0557559054428	0.23935036907451	no
633	ENST00000659173.1	2530	285	1.1488	0.0557559054428	0.2329760126934	no
634	ENST00000572385.5	576	210	0.694	0.0961130951475	0.045376672982164	no
635	ENST00000575889.5	439	318	0.9172	0.0601498708486	0.19678675523932	no
636	ENST00000399541.6	665	177	0.7065	0.177082352275	0.055480821387745	no
637	ENST00000574377.5	886	270	0.7302	0.0619674855578	0.073908438669905	no
638	ENST00000571010.4	557	213	0.7858	-0.0815349461011	0.019894618939416	no
639	ENST00000575727.5	573	234	0.9141	0.0958116974423	0.10937877837277	no
640	ENST00000399540.2	1730	234	0.9141	0.0958116974423	0.10272068623754	no
641	ENST00000573939.1	495	54	0.9421	-0.386333503599	0.00079701927120713	no
642	ENST00000666062.1	1224	183	0.4731	-0.129797861324	0.003821808068324	no
643	ENST00000591972.5	113	78	1.0879	0.250956525826	0.10107033118437	no
644	ENST00000589683.5	858	303	1.2185	0.334694046867	0.76227955363938	yes
645	ENST00000588928.1	548	147	0.9027	0.342103722265	0.19063504489155	no
646	ENST00000253796.10	752	528	1.1379	0.27627925778	0.95098453877686	yes
647	ENST00000588576.1	573	339	0.7815	0.0100597601016	0.12513563317987	no
648	ENST00000357654.9	7088	5592	0.9798	0.0791339312428	1	yes
649	ENST00000352993.7	3668	2166	0.9629	0.145652378444	0.99999999485661	yes
650	ENST00000471181.7	7270	5655	0.9488	0.0751180957446	1	yes
651	ENST00000468300.5	3273	2100	0.8748	0.104388464251	0.9999999822471	yes
652	ENST00000644379.1	2571	1689	0.8537	0.167851923299	0.99999898280063	yes
653	ENST00000591534.5	1282	1065	0.8797	0.193181575189	0.99937626286628	yes
654	ENST00000591849.5	563	291	1.0898	0.318814580348	0.63278358050257	yes
655	ENST00000493795.5	5732	5451	0.9798	0.0796633218024	1	yes
656	ENST00000478531.5	1972	1869	1.0273	0.116180000848	0.99999988578834	yes
657	ENST00000472490.1	561	237	1.1102	0.0776019875767	0.17249733684355	no
658	ENST00000621897.1	375	282	0.9978	0.201327796328	0.35286416516918	no
659	ENST00000461574.1	726	462	0.9776	0.205381241608	0.78272436819606	yes
660	ENST00000652672.1	2291	1803	0.9379	0.0301159785126	0.99999944436181	yes
661	ENST00000473961.5	958	852	0.9859	0.0567856519347	0.98932447965277	yes
662	ENST00000642945.1	1255	906	0.9225	0.0539242887862	0.99243609524257	yes
663	ENST00000476777.5	769	666	0.801	0.068113164238	0.88323348498639	yes
664	ENST00000489037.1	455	294	0.95	0.0696797406834	0.18228014043948	no
665	ENST00000644555.1	558	195	0.7808	0.00580512215998	0.028444781925034	no
666	ENST00000618469.1	718	153	1.1212	-0.146195127608	0.019288058570967	no
667	ENST00000538265.5	2147	1338	0.9308	0.38064792124	0.99999150918946	yes
668	ENST00000393664.6	2182	1455	0.9383	0.388967852531	0.99999777967895	yes
669	ENST00000319349.10	2335	1455	0.9383	0.388967852531	0.99999775895625	yes
670	ENST00000545954.5	1775	1338	0.9308	0.38064792124	0.9999916988226	yes
671	ENST00000545089.5	1628	1293	1.1139	0.411283105688	0.99999385006681	yes
672	ENST00000591713.5	1727	1455	0.9383	0.388967852531	0.9999978401799	yes
673	ENST00000586826.1	917	624	0.9992	0.457175894326	0.99143812653722	yes
674	ENST00000585508.5	760	318	0.55	0.110140196151	0.095379104112813	no
675	ENST00000587151.5	582	363	0.7753	0.0568715505949	0.19842867099353	no
676	ENST00000412523.3	1748	729	1.2634	0.413795985313	0.99830824861412	yes
677	ENST00000331733.4	3397	1242	1.0993	0.404496214257	0.99998698732154	yes
678	ENST00000545862.5	1911	1221	0.7678	0.265740568153	0.99989432870503	yes
679	ENST00000574129.5	1523	735	1.1389	0.495535448394	0.99865139784197	yes
680	ENST00000350690.10	1942	864	1.2148	0.516449564086	0.9997644053975	yes
681	ENST00000574884.5	726	390	0.9469	0.313369548718	0.75393336726066	yes
682	ENST00000571876.1	286	231	1.2224	0.40371227965	0.70877673259576	yes
683	ENST00000570310.5	595	357	0.9328	0.330609009682	0.69854759530431	yes
684	ENST00000573246.1	898	606	0.6615	0.0387764915925	0.67587591598268	yes
685	ENST00000262093.11	7689	1272	0.9261	0.235177049982	0.99993565666999	yes
686	ENST00000652755.1	7695	1290	0.8436	0.236755472164	0.99993204992923	yes
687	ENST00000651787.1	2521	1056	0.9595	0.248848293988	0.99960049574485	yes
688	ENST00000382873.8	2583	1056	0.9595	0.248848293988	0.99959898956121	yes
689	ENST00000585494.5	1874	846	1.056	0.232308267371	0.99694437437107	yes
690	ENST00000591977.5	544	366	0.7527	0.155809990265	0.31449792176389	no
691	ENST00000592699.5	1049	978	0.8735	0.260583400944	0.99897108925842	yes
692	ENST00000651812.1	674	279	1.0772	0.281348387831	0.53014835286969	yes
693	ENST00000585878.1	622	336	0.8856	0.169070123531	0.35362427162178	no
694	ENST00000592111.1	556	318	0.8908	0.15884360282	0.30049730142804	no
695	ENST00000262719.10	6299	5154	1.0934	0.31861690395	1	yes
696	ENST00000497351.5	572	354	0.7533	0.0918548469012	0.20899568642526	no
697	ENST00000588953.1	2198	144	0.6935	-0.302942488402	0.0015091619551413	no
698	ENST00000591386.1	591	525	1.0686	0.260367615859	0.93213198592693	yes
699	ENST00000591106.1	549	207	1.0934	0.129272604226	0.16752302462733	no
700	ENST00000591884.2	544	138	0.9322	0.0378364414053	0.030496478906232	no
701	ENST00000589657.1	803	138	0.9322	0.0378364414053	0.030034931351416	no
702	ENST00000586924.1	447	150	0.7948	-0.0828597457813	0.010434612064344	no
703	ENST00000623416.2	1325	693	0.605	-0.0466904598358	0.71254192213379	yes
704	ENST00000598394.1	300	192	0.944	-0.0677932674721	0.028724323532741	no
705	ENST00000292853.9	2315	852	1.0592	0.388689891183	0.99896089900925	yes
706	ENST00000509137.6	2130	852	1.0592	0.388689891183	0.9989724939198	yes
707	ENST00000600828.5	1557	849	1.0984	0.38614462952	0.9990782449634	yes
708	ENST00000594770.5	771	249	1.2019	0.40128544293	0.72595171176207	yes
709	ENST00000595166.1	462	363	0.9758	0.290505084619	0.68646768213243	yes
710	ENST00000595535.5	6105	6009	1.269	0.625106441396	1	yes
711	ENST00000352632.7	8676	7695	1.242	0.613877802078	1	yes
712	ENST00000338932.7	8686	7695	1.242	0.610270858113	1	yes
713	ENST00000598775.1	580	396	1.2809	0.602121401105	0.98446981765905	yes
714	ENST00000597389.5	5957	3924	1.2534	0.599009931377	1	yes
715	ENST00000392023.1	2419	2037	1.2492	0.655771731396	0.99999999973045	yes
716	ENST00000596900.5	1857	1296	1.2612	0.639142776783	0.99999915576574	yes
717	ENST00000593932.1	1015	411	1.2436	0.633538924219	0.98757225744245	yes
718	ENST00000599926.5	525	153	0.9293	-0.0338473781822	0.022351772707067	no
719	ENST00000593816.1	712	288	0.9522	0.382062964358	0.61962493439738	yes
720	ENST00000596411.1	1885	363	0.7183	0.228559326672	0.37266703534972	yes
721	ENST00000252485.8	2112	1440	1.2524	0.476215740046	0.99999945521186	yes
722	ENST00000252483.10	2690	1617	1.2669	0.514971013894	0.99999993841699	yes
723	ENST00000591581.1	950	297	1.1435	-0.00890355064057	0.19631764867863	no
724	ENST00000587386.1	452	303	1.047	-0.0491607891978	0.13200377411328	no
725	ENST00000592018.1	812	267	0.9502	0.483832379425	0.71514044459909	yes
726	ENST00000432094.6	4061	2241	0.893	0.0983698456543	0.99999999601514	yes
727	ENST00000454407.5	3967	2241	0.893	0.0983698456543	0.99999999603782	yes
728	ENST00000613950.1	646	213	0.9247	0.0777952144551	0.082094121250151	no
729	ENST00000334095.4	3681	2079	0.9271	0.0895059111032	0.99999997862323	yes
730	ENST00000591172.5	518	105	0.8632	0.101676297902	0.026347649810152	no
731	ENST00000663112.1	466	126	0.8646	0.251350535351	0.084180403703385	no
732	ENST00000589888.5	1274	309	0.5895	-0.0888092524994	0.027448344355214	no
733	ENST00000587979.1	1606	249	0.8675	-0.135225443264	0.02485626519873	no
734	ENST00000585659.1	1599	252	0.8675	-0.138342926331	0.02515558447447	no
735	ENST00000593109.1	445	126	0.8646	0.251350535351	0.084278757652086	no
736	ENST00000598312.6	3501	1626	0.9463	0.130065506984	0.9999979595001	yes
737	ENST00000597186.5	3930	1626	0.9463	0.130065506984	0.99999790565046	yes
738	ENST00000358067.5	3290	1626	0.9463	0.130065506984	0.99999798547539	yes
739	ENST00000500161.2	3091	1626	0.9463	0.130065506984	0.99999800967035	yes
740	ENST00000601887.1	469	180	0.611	0.159170215461	0.038842507788949	no
741	ENST00000372676.8	567	375	0.9539	0.311882507103	0.72698043380714	yes
742	ENST00000217425.9	356	309	0.9416	0.220666966926	0.41040397322268	yes
743	ENST00000447118.5	692	240	1.1342	0.338659366267	0.5635236598207	yes
744	ENST00000339946.7	420	231	0.9469	0.23521679031	0.25034436996928	no
745	ENST00000462062.5	460	81	0.8045	-0.283989692135	0.0013634039265529	no
746	ENST00000342873.7	818	222	0.7441	0.165517408555	0.089837382691485	no
747	ENST00000488143.1	646	81	1.1135	-0.0204095683182	0.019907258726558	no
748	ENST00000624534.1	573	135	0.5114	-0.403416862333	0.00043975437024772	no
749	ENST00000622934.3	1193	189	0.7701	-0.279608692003	0.0038631233357313	no
750	ENST00000619874.4	843	177	0.9469	0.0221793737928	0.042579891677923	no
751	ENST00000612624.4	1021	207	1.1034	-0.0459035874151	0.059686011413242	no
752	ENST00000624758.3	1074	273	0.4794	0.172418683935	0.071366913985313	no
753	ENST00000651438.1	5408	4020	0.9391	0.355119153861	1	yes
754	ENST00000342220.9	3386	1578	1.0206	0.415833397293	0.99999959140872	yes
755	ENST00000459895.1	588	291	0.8482	0.165709881867	0.22665392529633	no
756	ENST00000216027.8	1106	708	0.8241	0.1998521873	0.96768644172993	yes
757	ENST00000450178.5	1048	318	0.8562	0.0173926256437	0.12814745383915	no
758	ENST00000398941.6	955	432	0.7358	0.150435863256	0.45533454662118	yes
759	ENST00000420442.5	792	432	0.7358	0.150435863256	0.45779014771126	yes
760	ENST00000485599.5	656	432	0.9747	0.166037318293	0.66655298052871	yes
761	ENST00000483861.5	563	240	1.0576	0.243637821467	0.3532598840872	no
762	ENST00000495977.1	846	240	1.0576	0.243637821467	0.34934402089211	no
763	ENST00000216037.10	1850	786	1.0805	0.217874919385	0.99407215440618	yes
764	ENST00000484256.1	2173	594	0.8504	0.192664267115	0.89447391186105	yes
765	ENST00000405219.7	1690	636	1.0829	0.161590900372	0.95875236461813	yes
766	ENST00000403305.6	1942	654	1.0847	0.395082728618	0.99240485283066	yes
767	ENST00000619227.4	1777	591	1.0253	0.364971250739	0.97845987696709	yes
768	ENST00000249079.6	1560	654	1.0847	0.395082728618	0.99257769849429	yes
769	ENST00000403026.5	765	654	1.0847	0.395082728618	0.99292499759969	yes
770	ENST00000418863.5	563	486	1.0922	0.397807803008	0.96013387149275	yes
771	ENST00000422191.1	758	555	0.8519	0.0316475757624	0.67768362219915	yes
772	ENST00000467482.6	1645	1215	1.0171	0.252287339517	0.99994459675478	yes
773	ENST00000487206.1	592	132	1.0777	-0.0174606408463	0.031222390023462	no
774	ENST00000447366.5	859	801	1.1104	0.219872543891	0.99572901184334	yes
775	ENST00000431126.1	587	513	1.2714	0.31726882401	0.97078115964863	yes
776	ENST00000480178.1	397	180	0.8152	-0.00536574520123	0.025357283820985	no
777	ENST00000379341.9	956	816	0.9395	0.17168525	0.99144630830778	yes
778	ENST00000439422.1	554	138	1.056	0.16837126814	0.098949032064806	no
779	ENST00000376020.6	9556	4482	0.7705	0.212677471162	1	yes
780	ENST00000289292.11	6261	4482	0.7705	0.212677471162	1	yes
781	ENST00000460112.3	8919	4134	0.7705	0.202871473265	1	yes
782	ENST00000484922.1	295	168	0.9716	0.13896588392	0.088813537355692	no
783	ENST00000420881.6	7936	3303	1.2574	0.55663229632	1	yes
784	ENST00000373034.8	9756	3447	1.2574	0.530620005573	1	yes
785	ENST00000255531.8	7937	3306	1.2574	0.556754954298	1	yes
786	ENST00000497754.1	236	0	0	0	0.00030006079234485	no
787	ENST00000372072.7	4975	447	1.1677	0.214757305378	0.8206320478508	yes
788	ENST00000471255.5	418	57	1.0017	0.168189951022	0.037389782781293	no
789	ENST00000372073.5	5567	894	1.3026	0.361017552264	0.99955055156566	yes
790	ENST00000372068.7	5570	894	1.3026	0.361017552264	0.99955046972545	yes
791	ENST00000461715.1	711	321	0.9891	0.137532293906	0.34214270294153	no
792	ENST00000464177.1	761	249	1.2609	0.268810783863	0.57089518528503	yes
793	ENST00000489283.5	926	312	0.8506	0.0696810625846	0.1614790145019	no
794	ENST00000355899.8	3288	1893	1.1285	0.178162101138	0.99999995387849	yes
795	ENST00000289290.7	2277	1854	1.1285	0.169604599871	0.99999993003122	yes
796	ENST00000481823.5	2858	1758	1.0633	0.157446781417	0.99999972784407	yes
797	ENST00000539310.5	3037	1893	1.1285	0.178162101138	0.99999995457607	yes
798	ENST00000420625.6	3150	1854	1.1285	0.166113427381	0.99999992450196	yes
799	ENST00000497870.1	568	525	0.9636	0.158848333092	0.83495026434115	yes
800	ENST00000466150.1	561	375	0.9867	0.1352965783	0.47923119198921	yes
801	ENST00000651802.1	2203	396	0.7247	0.0294627412632	0.1857703335224	no
802	ENST00000651835.1	1497	417	1.2261	0.255425589083	0.86523448507586	yes
803	ENST00000382966.5	639	192	1.2602	0.278336118837	0.43470920071912	yes
804	ENST00000493160.5	944	168	0.9602	0.239662089281	0.14949192286747	no
805	ENST00000357871.6	623	360	1.1146	0.18502118063	0.61800684722919	yes
806	ENST00000382963.5	694	291	1.0186	0.158080807653	0.32110016820832	no
807	ENST00000382965.2	149	147	1.1926	0.431862577725	0.52044302413757	yes
