>ENST00000243997.8      3       50      3       50      PF04627.16      ATP-synt_Eps    1       48      49      74.71   4.5e-21 2.3e-25 1       0       
>ENST00000316084.10     95      169     95      169     PF00900.23      Ribosomal_S4e   1       75      75      128.08  9.3e-38 2.4e-41 1       0       CL0021
>ENST00000316084.10     212     259     212     259     PF16121.8       40S_S4_C        1       48      48      99.44   6.7e-29 1.7e-32 1       0       
>ENST00000316084.10     3       39      3       39      PF08071.15      RS4NT   1       37      37      74.17   7.0e-21 1.8e-24 1       0       
>ENST00000316084.10     43      90      42      90      PF01479.28      S4      2       48      48      25.49   8.7e-06 2.2e-09 1       0       CL0492
>ENST00000316084.10     178     211     177     211     PF00467.32      KOW     2       32      32      24.35   2.2e-05 5.6e-09 1       0       CL0107
>ENST00000317633.13     1       37      1       40      PF04419.17      4F5     1       36      38      44.69   2.0e-11 1.0e-15 1       0       
>ENST00000354833.7      1       37      1       39      PF04419.17      4F5     1       36      38      44.00   3.3e-11 1.7e-15 1       0       
>ENST00000373463.8      18      198     18      199     PF12304.11      BCLP    1       183     184     228.09  6.2e-68 3.2e-72 1       0       
>ENST00000395659.1      3       50      3       50      PF04627.16      ATP-synt_Eps    1       48      49      74.71   4.5e-21 2.3e-25 1       0       
>ENST00000395663.1      3       50      3       50      PF04627.16      ATP-synt_Eps    1       48      49      74.71   4.5e-21 2.3e-25 1       0       
>ENST00000504458.1      1       37      1       38      PF04419.17      4F5     1       36      38      44.21   2.8e-11 1.4e-15 1       0    