# IUPred2A: context-dependent prediction of protein disorder as a function of redox state and protein binding
# Balint Meszaros, Gabor Erdos, Zsuzsanna Dosztanyi
# Nucleic Acids Research 2018, Submitted
# IUPred2 type: long
# POS	AMINO ACID	IUPRED SCORE	ANCHOR SCORE
1	M	0.0662	0.2951
2	Q	0.0356	0.2817
3	K	0.0531	0.2745
4	H	0.0690	0.2675
5	Y	0.1115	0.2666
6	T	0.1501	0.2650
7	V	0.1373	0.2506
8	A	0.1791	0.2447
9	W	0.2258	0.2529
10	F	0.2503	0.2683
11	L	0.2951	0.2936
12	Y	0.3356	0.3246
13	S	0.2541	0.3538
14	A	0.2470	0.3746
15	P	0.2470	0.3964
16	G	0.2817	0.4103
17	V	0.2884	0.4209
18	D	0.2436	0.4286
19	P	0.2436	0.4323
20	S	0.3182	0.4336
21	P	0.3983	0.4334
22	P	0.4409	0.4330
23	C	0.5493	0.4325
24	R	0.4541	0.4318
25	S	0.4619	0.4313
26	L	0.4582	0.4306
27	G	0.4541	0.4295
28	W	0.4940	0.4286
29	K	0.4901	0.4269
30	R	0.4801	0.4253
31	K	0.4901	0.4229
32	R	0.4901	0.4253
33	E	0.4801	0.4285
34	W	0.5533	0.4305
35	S	0.5807	0.4326
36	D	0.5098	0.4334
37	E	0.5665	0.4314
38	S	0.5707	0.4294
39	E	0.7080	0.4283
40	E	0.7415	0.4274
41	E	0.7718	0.4257
42	P	0.7881	0.4263
43	E	0.8162	0.4265
44	K	0.6906	0.4261
45	E	0.7415	0.4263
46	L	0.6851	0.4289
47	A	0.6755	0.4308
48	P	0.6755	0.4324
49	E	0.5951	0.4356
50	P	0.4940	0.4395
51	E	0.4979	0.4437
52	E	0.4186	0.4493
53	T	0.3948	0.4544
54	W	0.3667	0.4581
55	V	0.3667	0.4628
56	V	0.2951	0.4684
57	E	0.3494	0.4739
58	T	0.3740	0.4808
59	L	0.3631	0.4841
60	C	0.3460	0.4812
61	G	0.2752	0.4775
62	L	0.2645	0.4723
63	K	0.2817	0.4665
64	M	0.2034	0.4626
65	K	0.2364	0.4560
66	L	0.2164	0.4519
67	K	0.2715	0.4478
68	Q	0.2575	0.4424
69	Q	0.2470	0.4368
70	R	0.3053	0.4289
71	V	0.3872	0.4201
72	S	0.2783	0.4099
73	P	0.3529	0.3978
74	I	0.3566	0.3815
75	L	0.3872	0.3709
76	L	0.3249	0.3593
77	E	0.3740	0.3545
78	H	0.3983	0.3486
79	H	0.3948	0.3432
80	K	0.3286	0.3403
81	D	0.3529	0.3368
82	F	0.4256	0.3382
83	N	0.4256	0.3460
84	S	0.4256	0.3543
85	Q	0.5211	0.3643
86	L	0.5951	0.3706
87	A	0.6712	0.3821
88	P	0.6576	0.3948
89	G	0.5254	0.4032
90	V	0.4541	0.4122
91	D	0.3494	0.4214
92	P	0.3356	0.4322
93	S	0.4186	0.4263
94	P	0.4051	0.4207
95	P	0.3774	0.4182
96	H	0.3704	0.4152
97	R	0.3356	0.4137
98	S	0.2436	0.4172
99	F	0.2292	0.4231
100	C	0.2193	0.4248
101	W	0.2715	0.4285
102	K	0.2680	0.4298
103	R	0.2575	0.4315
104	K	0.2541	0.4325
105	M	0.2399	0.4294
106	E	0.2258	0.4337
107	W	0.2399	0.4302
108	W	0.2752	0.4213
109	D	0.2645	0.4031
110	K	0.3631	0.3816
111	S	0.3740	0.3651
112	E	0.4051	0.3501
113	E	0.3948	0.3419
114	S	0.4330	0.3347
115	E	0.4476	0.3242
116	E	0.5055	0.3145
117	E	0.5055	0.3104
118	P	0.6531	0.3026
119	R	0.6948	0.3049
120	K	0.5342	0.3211
121	V	0.4725	0.3437
122	L	0.4541	0.3656
123	A	0.4582	0.3755
124	P	0.4149	0.3806
125	E	0.3426	0.3907
126	P	0.2715	0.4104
127	E	0.2680	0.4336
128	E	0.1881	0.4044
129	I	0.1643	0.3728
130	W	0.1501	0.3463
131	V	0.1501	0.3309
132	A	0.1323	0.3191
133	E	0.1914	0.3122
134	M	0.1969	0.2979
135	L	0.1643	0.2969
136	C	0.1501	0.3109
137	G	0.0909	0.3365
138	L	0.0851	0.3697
139	K	0.0483	0.4116
140	M	0.0531	0.4122
141	K	0.0618	0.3606
142	L	0.1028	0.3161
143	K	0.1206	0.2679
144	R	0.1092	0.2300
145	R	0.1298	0.2012
146	R	0.1942	0.1867
147	V	0.2364	0.1846
148	S	0.1298	0.1843
149	L	0.2064	0.1834
150	V	0.2064	0.1788
151	L	0.1643	0.1713
152	P	0.1070	0.1662
153	E	0.1702	0.1592
154	H	0.1759	0.1582
155	H	0.2064	0.1539
156	E	0.1611	0.1415
157	A	0.1070	0.1253
158	F	0.1554	0.1066
159	N	0.1528	0.0916
160	R	0.1275	0.0757
161	L	0.1162	0.0636
162	L	0.1611	0.0539
163	E	0.0676	0.0450
164	D	0.0662	0.0377
165	P	0.0704	0.0318
166	V	0.0734	0.0271
167	I	0.0424	0.0233
168	K	0.0473	0.0211
169	R	0.0676	0.0185
170	F	0.0592	0.0166
171	L	0.0631	0.0163
172	A	0.1070	0.0168
173	W	0.0985	0.0175
174	D	0.0592	0.0199
175	K	0.0349	0.0226
176	D	0.0263	0.0249
177	L	0.0313	0.0278
178	R	0.0364	0.0317
179	V	0.0227	0.0354
180	S	0.0205	0.0416
181	D	0.0235	0.0477
182	K	0.0198	0.0507
183	Y	0.0223	0.0524
184	L	0.0463	0.0526
185	L	0.0389	0.0498
186	A	0.0389	0.0473
187	M	0.0191	0.0438
188	V	0.0356	0.0407
189	I	0.0356	0.0376
190	A	0.0240	0.0351
191	Y	0.0263	0.0320
192	F	0.0153	0.0294
193	S	0.0160	0.0292
194	R	0.0258	0.0295
195	A	0.0248	0.0302
196	G	0.0405	0.0316
197	F	0.0231	0.0320
198	P	0.0148	0.0346
199	S	0.0133	0.0362
200	W	0.0171	0.0366
201	Q	0.0123	0.0383
202	Y	0.0120	0.0385
203	Q	0.0138	0.0388
204	R	0.0123	0.0369
205	L	0.0136	0.0362
206	H	0.0157	0.0363
207	F	0.0127	0.0355
208	F	0.0231	0.0358
209	L	0.0202	0.0355
210	A	0.0205	0.0365
211	L	0.0454	0.0375
212	Y	0.0414	0.0386
213	L	0.0765	0.0404
214	A	0.0704	0.0426
215	N	0.0749	0.0466
216	D	0.1323	0.0506
217	M	0.1449	0.0549
218	E	0.1643	0.0604
219	E	0.1583	0.0668
220	D	0.2328	0.0768
221	D	0.1476	0.0904
222	E	0.1476	0.1081
223	D	0.1449	0.1320
224	S	0.2193	0.1636
225	K	0.2541	0.2005
226	Q	0.2541	0.2368
227	N	0.2503	0.2715
228	I	0.2817	0.3047
229	F	0.2817	0.3398
230	H	0.1942	0.3727
231	F	0.2164	0.3937
232	L	0.1424	0.4106
233	Y	0.0851	0.4234
234	G	0.0835	0.4290
235	K	0.0888	0.4334
236	N	0.0851	0.4320
237	R	0.0780	0.4323
238	S	0.0327	0.4275
239	R	0.0646	0.4173
240	I	0.0799	0.4035
241	P	0.0433	0.3872
242	L	0.0929	0.3676
243	L	0.1476	0.3521
244	R	0.1969	0.3337
245	K	0.2094	0.3165
246	R	0.2258	0.3064
247	R	0.2094	0.2942
248	F	0.1881	0.2829
249	Q	0.1881	0.2797
250	L	0.1969	0.2750
251	Y	0.2988	0.2758
252	R	0.2752	0.2816
253	S	0.3566	0.2877
254	M	0.4441	0.2911
255	N	0.3566	0.3014
256	P	0.3740	0.3131
257	R	0.2884	0.3218
258	A	0.2258	0.3300
259	R	0.3460	0.3407
260	K	0.3392	0.3450
261	N	0.4256	0.3528
262	R	0.5342	0.3545
263	S	0.4087	0.3528
264	H	0.4292	0.3505
265	I	0.3872	0.3519
266	P	0.3704	0.3501
267	L	0.3494	0.3448
268	V	0.2715	0.3450
269	R	0.2609	0.3388
270	K	0.2783	0.3339
271	R	0.2918	0.3378
272	R	0.2783	0.3423
273	F	0.2503	0.3485
274	Q	0.2575	0.3602
275	L	0.2680	0.3686
276	R	0.3667	0.3809
277	R	0.3460	0.3941
278	C	0.4292	0.4118
279	M	0.5139	0.4215
280	N	0.4256	0.4250
281	P	0.3566	0.4110
282	R	0.2752	0.4095
283	A	0.1702	0.4169
284	R	0.2918	0.4222
285	K	0.2849	0.4322
286	N	0.3667	0.4274
287	R	0.3667	0.4174
288	S	0.2541	0.3977
289	Q	0.3392	0.3719
290	I	0.2680	0.3416
291	V	0.1501	0.3075
292	L	0.0817	0.2846
293	F	0.0799	0.2710
294	Q	0.0780	0.2655
295	K	0.0765	0.2569
296	R	0.0414	0.2577
297	R	0.0380	0.2535
298	F	0.0320	0.2455
299	H	0.0165	0.2491
300	F	0.0113	0.2571
301	F	0.0168	0.2814
302	C	0.0269	0.3190
303	S	0.0443	0.3556
304	M	0.0888	0.3946
305	S	0.0494	0.4275
306	C	0.0454	0.3758
307	R	0.0443	0.3296
308	A	0.0275	0.2910
309	W	0.0605	0.2493
310	V	0.0506	0.2167
311	S	0.0568	0.1839
312	P	0.1092	0.1598
313	E	0.1914	0.1450
314	E	0.1914	0.1355
315	L	0.2258	0.1326
316	E	0.1275	0.1332
317	E	0.1424	0.1404
318	I	0.0704	0.1557
319	Q	0.0690	0.1690
320	A	0.1449	0.1828
321	Y	0.1942	0.1930
322	D	0.2002	0.2100
323	P	0.1583	0.2345
324	E	0.1643	0.2607
325	H	0.1070	0.2957
326	W	0.1611	0.3221
327	V	0.1424	0.3506
328	W	0.1251	0.3725
329	A	0.1881	0.3816
330	R	0.1791	0.3900
331	D	0.2193	0.3985
332	R	0.3182	0.4128
333	A	0.3321	0.4258
334	R	0.3117	0.4301
335	L	0.2328	0.4299
336	S	0.2364	0.4327
337	M	0.3566	0.4290
338	A	0.3599	0.4209
339	R	0.4541	0.4117
340	G	0.4541	0.4102
341	P	0.4766	0.4085
342	K	0.4864	0.4101
343	K	0.4831	0.4120
344	H	0.3983	0.4142
345	L	0.3667	0.4227
346	K	0.3667	0.4277
347	R	0.3667	0.4337
348	V	0.4017	0.4227
349	A	0.3460	0.4099
350	A	0.3460	0.4001
351	P	0.3460	0.3962
352	K	0.2609	0.3870
353	H	0.1528	0.3768
354	W	0.1275	0.3688
355	M	0.1424	0.3654
356	L	0.2129	0.3710
357	D	0.2292	0.3795
358	K	0.2224	0.3848
359	L	0.2884	0.3972
360	T	0.3149	0.4114
361	G	0.3631	0.4222
362	V	0.3392	0.4269
363	F	0.3356	0.4308
364	A	0.2503	0.4137
365	P	0.3599	0.3973
366	R	0.3910	0.3827
367	P	0.3840	0.3721
368	S	0.3019	0.3681
369	T	0.3182	0.3617
370	G	0.3182	0.3618
371	P	0.2364	0.3685
372	H	0.1611	0.3766
373	K	0.1275	0.3818
374	L	0.1449	0.3875
375	R	0.1671	0.3959
376	E	0.1611	0.3989
377	C	0.1611	0.4095
378	L	0.0870	0.4202
379	P	0.0909	0.4235
380	L	0.0473	0.4268
381	I	0.0398	0.4202
382	I	0.0205	0.4087
383	F	0.0209	0.3919
384	L	0.0209	0.3678
385	R	0.0341	0.3399
386	N	0.0341	0.3107
387	R	0.0231	0.2874
388	L	0.0398	0.2565
389	K	0.0676	0.2285
390	Y	0.0341	0.2034
391	A	0.0349	0.1820
392	L	0.0454	0.1664
393	T	0.0817	0.1521
394	G	0.1528	0.1424
395	D	0.1373	0.1408
396	E	0.0835	0.1437
397	V	0.0780	0.1492
398	K	0.0454	0.1561
399	K	0.0780	0.1653
400	I	0.0780	0.1749
401	C	0.1373	0.1864
402	M	0.1137	0.1969
403	Q	0.1791	0.2035
404	R	0.1791	0.2112
405	F	0.1791	0.2119
406	I	0.1162	0.2014
407	K	0.1137	0.1858
408	I	0.0948	0.1712
409	D	0.1092	0.1576
410	G	0.0909	0.1465
411	K	0.1476	0.1365
412	V	0.1275	0.1300
413	R	0.1275	0.1283
414	T	0.1184	0.1260
415	D	0.0799	0.1247
416	I	0.0909	0.1295
417	T	0.1424	0.1372
418	Y	0.0888	0.1495
419	P	0.1424	0.1589
420	A	0.1424	0.1671
421	G	0.1424	0.1755
422	F	0.1424	0.1842
423	M	0.2034	0.1851
424	D	0.2129	0.1766
425	V	0.1229	0.1766
426	I	0.1275	0.1773
427	S	0.1298	0.1740
428	I	0.0799	0.1735
429	D	0.0835	0.1710
430	K	0.0704	0.1708
431	T	0.0851	0.1727
432	G	0.0851	0.1738
433	E	0.1554	0.1755
434	N	0.1914	0.1844
435	F	0.1115	0.2039
436	R	0.1323	0.2137
437	L	0.1476	0.2225
438	I	0.1476	0.2336
439	Y	0.2258	0.2400
440	D	0.1528	0.2489
441	T	0.1528	0.2610
442	K	0.1731	0.2736
443	G	0.1852	0.2846
444	R	0.1881	0.2944
445	F	0.1501	0.2961
446	A	0.2436	0.2848
447	V	0.1583	0.2810
448	H	0.2292	0.2750
449	R	0.2258	0.2670
450	I	0.2328	0.2637
451	T	0.2328	0.2554
452	P	0.1702	0.2466
453	E	0.1759	0.2400
454	E	0.1759	0.2331
455	A	0.1092	0.2303
456	K	0.1115	0.2387
457	Y	0.0909	0.2562
458	K	0.1298	0.2692
459	L	0.1323	0.2854
460	C	0.1275	0.3005
461	K	0.1914	0.3070
462	V	0.1229	0.3210
463	R	0.1229	0.3336
464	K	0.1162	0.3457
465	I	0.0631	0.3606
466	F	0.0506	0.3695
467	V	0.0531	0.3582
468	G	0.0909	0.3429
469	T	0.0929	0.3282
470	K	0.1229	0.3152
471	G	0.1914	0.3080
472	I	0.1942	0.3048
473	P	0.1791	0.2981
474	H	0.1823	0.2918
475	L	0.1162	0.2843
476	V	0.2034	0.2734
477	T	0.3053	0.2610
478	H	0.3983	0.2605
479	D	0.3182	0.2610
480	A	0.2364	0.2676
481	R	0.2364	0.2717
482	T	0.1791	0.2723
483	I	0.2715	0.2746
484	R	0.2436	0.2730
485	Y	0.2470	0.2671
486	P	0.2541	0.2619
487	D	0.3321	0.2562
488	P	0.2503	0.2574
489	L	0.2470	0.2539
490	I	0.1702	0.2480
491	K	0.2094	0.2356
492	V	0.2064	0.2263
493	N	0.2034	0.2168
494	D	0.2849	0.2089
495	T	0.1969	0.2070
496	I	0.2849	0.2087
497	Q	0.2609	0.2103
498	I	0.1671	0.2205
499	D	0.0929	0.2290
500	L	0.1476	0.2416
501	E	0.1298	0.2600
502	T	0.1323	0.2803
503	G	0.1881	0.2998
504	K	0.1759	0.3215
505	I	0.1881	0.3418
506	T	0.1184	0.3622
507	D	0.1275	0.3849
508	F	0.0948	0.4171
509	I	0.1028	0.4311
510	K	0.1048	0.4184
511	F	0.1671	0.4077
512	D	0.1554	0.4139
513	T	0.1323	0.4200
514	G	0.1424	0.4275
515	N	0.0870	0.4335
516	L	0.1373	0.4289
517	C	0.1399	0.4203
518	M	0.0851	0.4079
519	V	0.1501	0.3827
520	T	0.1643	0.3612
521	G	0.1048	0.3467
522	G	0.1852	0.3321
523	A	0.1942	0.3237
524	N	0.1969	0.3169
525	L	0.2094	0.3132
526	G	0.2034	0.3091
527	R	0.2951	0.3077
528	I	0.3910	0.3085
529	G	0.4256	0.3081
530	V	0.4940	0.3162
531	I	0.3840	0.3285
532	T	0.3872	0.3342
533	N	0.3249	0.3424
534	R	0.2951	0.3547
535	E	0.2918	0.3676
536	R	0.3117	0.3785
537	H	0.3149	0.3883
538	P	0.3117	0.3908
539	G	0.3667	0.3920
540	S	0.3807	0.3955
541	F	0.4409	0.3965
542	D	0.5493	0.3845
543	V	0.5419	0.3799
544	V	0.4149	0.3798
545	H	0.3774	0.3769
546	V	0.3704	0.3710
547	K	0.3667	0.3658
548	D	0.2783	0.3648
549	A	0.2470	0.3696
550	N	0.2609	0.3735
551	G	0.1823	0.3817
552	N	0.1791	0.3992
553	S	0.1275	0.4271
554	F	0.1137	0.4143
555	A	0.1583	0.4021
556	T	0.1528	0.3907
557	R	0.2094	0.3783
558	L	0.2193	0.3682
559	S	0.2193	0.3617
560	N	0.2817	0.3558
561	I	0.1759	0.3441
562	F	0.1137	0.3384
563	V	0.1048	0.3459
564	I	0.0646	0.3578
565	G	0.1424	0.3727
566	K	0.1702	0.3804
567	G	0.1702	0.3892
568	N	0.1643	0.3960
569	K	0.2436	0.4006
570	P	0.1702	0.4054
571	W	0.1611	0.4114
572	I	0.1643	0.4263
573	S	0.2680	0.4267
574	L	0.2503	0.4155
575	P	0.3087	0.4031
576	R	0.3215	0.3888
577	G	0.3392	0.3716
578	K	0.3392	0.3581
579	G	0.3321	0.3423
580	I	0.3321	0.3282
581	R	0.2988	0.3197
582	L	0.3182	0.3113
583	T	0.3740	0.3076
584	I	0.3494	0.3044
585	A	0.4330	0.3062
586	E	0.4119	0.3084
587	E	0.4087	0.3132
588	R	0.4051	0.3183
589	D	0.4087	0.3190
590	K	0.3740	0.3245
591	R	0.4330	0.3267
592	L	0.3704	0.3262
593	A	0.4220	0.3320
594	A	0.3910	0.3389
595	K	0.5098	0.3488
596	Q	0.5419	0.3556
597	S	0.5296	0.3639
598	S	0.4292	0.3745
599	G	0.3529	0.3882
600	M	0.2715	0.4059
601	A	0.2002	0.4181
602	V	0.1373	0.4316
603	M	0.2034	0.4229
604	A	0.2292	0.4188
605	P	0.2328	0.4161
606	R	0.1643	0.4146
607	T	0.1373	0.4137
608	L	0.0888	0.4131
609	L	0.0948	0.4167
610	L	0.1007	0.4248
611	L	0.1251	0.4308
612	L	0.0799	0.4201
613	S	0.0985	0.4078
614	G	0.1206	0.3959
615	A	0.1373	0.3884
616	L	0.1162	0.3830
617	A	0.1162	0.3749
618	L	0.0909	0.3696
619	T	0.1424	0.3634
620	Q	0.1373	0.3583
621	T	0.1229	0.3589
622	W	0.1092	0.3633
623	A	0.1671	0.3680
624	G	0.1671	0.3742
625	S	0.1206	0.3814
626	H	0.1373	0.3893
627	S	0.2002	0.3915
628	M	0.2541	0.3980
629	R	0.3321	0.4002
630	Y	0.3249	0.4005
631	F	0.3117	0.4039
632	F	0.3182	0.4000
633	T	0.4541	0.3916
634	S	0.4801	0.3814
635	V	0.3774	0.3755
636	S	0.3053	0.3727
637	R	0.2752	0.3735
638	P	0.2193	0.3805
639	G	0.2541	0.3858
640	R	0.1731	0.3933
641	G	0.1969	0.4043
642	E	0.2988	0.4135
643	P	0.4051	0.4251
644	R	0.4017	0.4309
645	F	0.4149	0.4175
646	I	0.3774	0.4062
647	A	0.3182	0.3980
648	V	0.3149	0.3951
649	G	0.1881	0.3916
650	Y	0.1969	0.3882
651	V	0.1942	0.3854
652	D	0.2034	0.3850
653	D	0.1671	0.3853
654	T	0.1229	0.3850
655	Q	0.1229	0.3865
656	F	0.2129	0.3917
657	V	0.2849	0.4006
658	R	0.2715	0.4082
659	F	0.3426	0.4125
660	D	0.3740	0.4175
661	S	0.4582	0.4210
662	D	0.4901	0.4238
663	A	0.5176	0.4269
664	A	0.4017	0.4286
665	S	0.3249	0.4296
666	Q	0.3249	0.4311
667	R	0.4409	0.4321
668	M	0.5176	0.4324
669	E	0.5211	0.4331
670	P	0.6991	0.4336
671	R	0.7036	0.4349
672	A	0.5901	0.4370
673	P	0.4619	0.4392
674	W	0.5017	0.4406
675	I	0.5456	0.4414
676	E	0.5665	0.4412
677	Q	0.5533	0.4416
678	E	0.5533	0.4415
679	G	0.6183	0.4414
680	P	0.5296	0.4429
681	E	0.4864	0.4431
682	Y	0.4619	0.4434
683	W	0.5017	0.4420
684	D	0.4652	0.4387
685	Q	0.5951	0.4348
686	E	0.6991	0.4311
687	T	0.6991	0.4284
688	R	0.6712	0.4253
689	N	0.5707	0.4232
690	V	0.5807	0.4223
691	K	0.4541	0.4215
692	A	0.4409	0.4234
693	Q	0.5382	0.4245
694	S	0.5665	0.4276
695	Q	0.5456	0.4302
696	T	0.5342	0.4329
697	D	0.4256	0.4356
698	R	0.3392	0.4375
699	V	0.3566	0.4381
700	D	0.3566	0.4367
701	L	0.4119	0.4324
702	G	0.4330	0.4281
703	T	0.4369	0.4257
704	L	0.4292	0.4240
705	R	0.4292	0.4241
706	G	0.4186	0.4227
707	Y	0.4149	0.4215
708	Y	0.3392	0.4218
709	N	0.3566	0.4244
710	Q	0.3529	0.4267
711	S	0.3087	0.4279
712	E	0.3053	0.4279
713	A	0.3087	0.4261
714	G	0.2364	0.4246
715	S	0.3215	0.4228
716	H	0.2783	0.4164
717	T	0.2817	0.4107
718	I	0.3599	0.4027
719	Q	0.4541	0.3961
720	I	0.4441	0.3878
721	M	0.4256	0.3855
722	Y	0.3356	0.3847
723	G	0.2541	0.3872
724	C	0.2680	0.3891
725	D	0.2715	0.3926
726	V	0.1942	0.3958
727	G	0.1881	0.4053
728	S	0.1942	0.4139
729	D	0.2715	0.4244
730	G	0.2364	0.4303
731	R	0.2164	0.4324
732	F	0.2609	0.4299
733	L	0.3426	0.4316
734	R	0.3286	0.4222
735	G	0.4119	0.4143
736	Y	0.3215	0.4110
737	R	0.3053	0.4067
738	Q	0.2849	0.4075
739	D	0.2193	0.4093
740	A	0.2224	0.4101
741	Y	0.2328	0.4097
742	D	0.2503	0.4047
743	G	0.2783	0.3999
744	K	0.3356	0.4002
745	D	0.3426	0.4056
746	Y	0.2436	0.4112
747	I	0.3249	0.4119
748	A	0.3149	0.4102
749	L	0.2884	0.4065
750	N	0.2884	0.3983
751	E	0.2783	0.3934
752	D	0.3460	0.3895
753	L	0.3182	0.3890
754	R	0.3286	0.3859
755	S	0.2752	0.3870
756	W	0.2645	0.3862
757	T	0.3356	0.3806
758	A	0.3910	0.3761
759	A	0.3983	0.3721
760	D	0.3740	0.3708
761	M	0.3774	0.3716
762	A	0.3426	0.3704
763	A	0.3149	0.3698
764	Q	0.3774	0.3683
765	I	0.4051	0.3687
766	T	0.3872	0.3637
767	K	0.5017	0.3608
768	R	0.5098	0.3651
769	K	0.4582	0.3778
770	W	0.4652	0.3919
771	E	0.4369	0.4036
772	A	0.3872	0.4174
773	A	0.3356	0.4314
774	H	0.3631	0.4264
775	E	0.3529	0.4190
776	A	0.4186	0.4136
777	E	0.3321	0.4107
778	Q	0.2918	0.4071
779	L	0.3182	0.4064
780	R	0.2364	0.4097
781	A	0.2645	0.4118
782	Y	0.2436	0.4157
783	L	0.2541	0.4214
784	D	0.1969	0.4267
785	G	0.1424	0.4304
786	T	0.1424	0.4332
787	C	0.1643	0.4348
788	V	0.1554	0.4353
789	E	0.1424	0.4346
790	W	0.2094	0.4341
791	L	0.2224	0.4335
792	R	0.1731	0.4335
793	R	0.2541	0.4334
794	Y	0.3149	0.4326
795	L	0.3087	0.4317
796	E	0.3149	0.4291
797	N	0.3426	0.4257
798	G	0.4582	0.4209
799	K	0.5055	0.4143
800	E	0.4901	0.4076
801	T	0.5992	0.3997
802	L	0.6375	0.3954
803	Q	0.6531	0.3904
804	R	0.6576	0.3853
805	T	0.7547	0.3816
806	D	0.8596	0.3796
807	P	0.7595	0.3830
808	P	0.7415	0.3887
809	K	0.7505	0.3938
810	T	0.7547	0.4009
811	H	0.7547	0.4089
812	M	0.7250	0.4188
813	T	0.8085	0.4223
814	H	0.7120	0.4296
815	H	0.7120	0.4325
816	P	0.6043	0.4290
817	I	0.4725	0.4264
818	S	0.4220	0.4266
819	D	0.3182	0.4271
820	H	0.3249	0.4292
821	E	0.2224	0.4335
822	A	0.1449	0.4407
823	T	0.2002	0.4510
824	L	0.1791	0.4628
825	R	0.1969	0.4733
826	C	0.1349	0.4879
827	W	0.1162	0.5010
828	A	0.1206	0.5130
829	L	0.1229	0.5202
830	G	0.0631	0.5224
831	F	0.0690	0.5216
832	Y	0.0592	0.5101
833	P	0.0719	0.4967
834	A	0.0734	0.4864
835	E	0.1251	0.4768
836	I	0.1373	0.4661
837	T	0.2064	0.4525
838	L	0.3087	0.4440
839	T	0.3392	0.4366
840	W	0.4220	0.4305
841	Q	0.4220	0.4276
842	R	0.5493	0.4271
843	D	0.5707	0.4275
844	G	0.4766	0.4280
845	E	0.5176	0.4306
846	D	0.5017	0.4337
847	Q	0.5901	0.4285
848	T	0.6269	0.4258
849	Q	0.6991	0.4244
850	D	0.7036	0.4268
851	T	0.8279	0.4288
852	E	0.8235	0.4335
853	L	0.8343	0.4311
854	V	0.7080	0.4307
855	E	0.7120	0.4321
856	T	0.6851	0.4334
857	R	0.5382	0.4333
858	P	0.5055	0.4321
859	A	0.4801	0.4312
860	G	0.4119	0.4309
861	D	0.3494	0.4313
862	G	0.2918	0.4316
863	T	0.3053	0.4325
864	F	0.3774	0.4339
865	Q	0.4369	0.4358
866	K	0.4369	0.4380
867	W	0.4476	0.4404
868	A	0.4652	0.4405
869	A	0.4256	0.4384
870	V	0.3566	0.4362
871	V	0.3566	0.4338
872	V	0.2783	0.4323
873	P	0.2680	0.4315
874	S	0.2094	0.4323
875	G	0.3215	0.4325
876	E	0.3053	0.4295
877	E	0.3249	0.4246
878	Q	0.4369	0.4172
879	R	0.3840	0.4128
880	Y	0.4330	0.4109
881	T	0.4864	0.4098
882	C	0.5854	0.4100
883	H	0.5665	0.4087
884	V	0.5382	0.4066
885	Q	0.4619	0.4037
886	H	0.4507	0.4042
887	E	0.3392	0.4063
888	G	0.2715	0.4099
889	L	0.2328	0.4161
890	P	0.2258	0.4175
891	K	0.2609	0.4166
892	P	0.2258	0.4205
893	L	0.2817	0.4240
894	T	0.3149	0.4301
895	L	0.3631	0.4294
896	R	0.3599	0.4207
897	W	0.2951	0.4136
898	V	0.2094	0.4109
899	M	0.1424	0.4084
900	A	0.1449	0.4088
901	V	0.0799	0.4078
902	M	0.0817	0.4092
903	A	0.0704	0.4180
904	P	0.0967	0.4267
905	R	0.0605	0.4326
906	T	0.0817	0.4305
907	L	0.0531	0.4266
908	L	0.0985	0.4211
909	L	0.1399	0.4156
910	L	0.1671	0.4082
911	L	0.1070	0.3986
912	S	0.1251	0.3865
913	G	0.1501	0.3759
914	A	0.1643	0.3675
915	L	0.1349	0.3588
916	A	0.1373	0.3463
917	L	0.1092	0.3326
918	T	0.1554	0.3181
919	Q	0.1424	0.3023
920	T	0.1275	0.2918
921	W	0.1092	0.2848
922	A	0.1671	0.2812
923	G	0.1671	0.2793
924	S	0.1184	0.2755
925	H	0.1323	0.2730
926	S	0.1852	0.2684
927	M	0.2328	0.2670
928	R	0.3117	0.2670
929	Y	0.3019	0.2688
930	F	0.2951	0.2784
931	F	0.3053	0.2847
932	T	0.4409	0.2895
933	S	0.4582	0.2893
934	V	0.3566	0.2930
935	S	0.2884	0.3015
936	R	0.2715	0.3142
937	P	0.2164	0.3323
938	G	0.2575	0.3494
939	R	0.1823	0.3663
940	G	0.2064	0.3849
941	E	0.3117	0.3995
942	P	0.4220	0.4147
943	R	0.4220	0.4289
944	F	0.4330	0.4223
945	I	0.3872	0.4084
946	A	0.3321	0.3985
947	V	0.3356	0.3942
948	G	0.2034	0.3899
949	Y	0.2094	0.3859
950	V	0.2129	0.3825
951	D	0.2193	0.3816
952	D	0.1823	0.3815
953	T	0.1349	0.3806
954	Q	0.1373	0.3814
955	F	0.2258	0.3859
956	V	0.2951	0.3947
957	R	0.2752	0.4024
958	F	0.3460	0.4067
959	D	0.3740	0.4122
960	S	0.4541	0.4165
961	D	0.4864	0.4198
962	A	0.5098	0.4234
963	A	0.3872	0.4255
964	S	0.3087	0.4269
965	Q	0.3117	0.4289
966	R	0.4256	0.4304
967	M	0.4979	0.4306
968	E	0.5055	0.4313
969	P	0.6806	0.4316
970	R	0.6851	0.4326
971	A	0.5665	0.4338
972	P	0.4409	0.4350
973	W	0.4766	0.4353
974	I	0.5176	0.4355
975	E	0.5382	0.4352
976	Q	0.5342	0.4355
977	E	0.5296	0.4355
978	G	0.5992	0.4356
979	P	0.5055	0.4371
980	E	0.4685	0.4377
981	Y	0.4441	0.4382
982	W	0.4831	0.4378
983	D	0.4476	0.4363
984	Q	0.5707	0.4343
985	E	0.6806	0.4322
986	T	0.6755	0.4305
987	R	0.6531	0.4285
988	N	0.5493	0.4269
989	V	0.5577	0.4261
990	K	0.4409	0.4255
991	A	0.4256	0.4269
992	Q	0.5254	0.4281
993	S	0.5577	0.4303
994	Q	0.5342	0.4319
995	T	0.5254	0.4333
996	D	0.4186	0.4346
997	R	0.3321	0.4349
998	V	0.3494	0.4340
999	D	0.3494	0.4317
1000	L	0.4087	0.4270
1001	G	0.4256	0.4228
1002	T	0.4330	0.4206
1003	L	0.4256	0.4190
1004	R	0.4256	0.4198
1005	G	0.4149	0.4188
1006	Y	0.4119	0.4181
1007	Y	0.3356	0.4192
1008	N	0.3566	0.4228
1009	Q	0.3529	0.4257
1010	S	0.3087	0.4273
1011	E	0.3053	0.4273
1012	A	0.3087	0.4254
1013	G	0.2364	0.4238
1014	S	0.3215	0.4220
1015	H	0.2783	0.4154
1016	T	0.2817	0.4095
1017	I	0.3599	0.4014
1018	Q	0.4541	0.3948
1019	I	0.4441	0.3865
1020	M	0.4256	0.3844
1021	Y	0.3356	0.3837
1022	G	0.2541	0.3864
1023	C	0.2680	0.3884
1024	D	0.2715	0.3921
1025	V	0.1942	0.3955
1026	G	0.1881	0.4051
1027	S	0.1942	0.4137
1028	D	0.2715	0.4243
1029	G	0.2364	0.4303
1030	R	0.2164	0.4324
1031	F	0.2609	0.4298
1032	L	0.3426	0.4316
1033	R	0.3286	0.4221
1034	G	0.4119	0.4142
1035	Y	0.3215	0.4110
1036	R	0.3053	0.4067
1037	Q	0.2849	0.4075
1038	D	0.2193	0.4093
1039	A	0.2224	0.4101
1040	Y	0.2328	0.4097
1041	D	0.2503	0.4047
1042	G	0.2783	0.3999
1043	K	0.3356	0.4002
1044	D	0.3426	0.4056
1045	Y	0.2436	0.4112
1046	I	0.3249	0.4119
1047	A	0.3149	0.4102
1048	L	0.2884	0.4065
1049	N	0.2884	0.3983
1050	E	0.2783	0.3934
1051	D	0.3460	0.3895
1052	L	0.3182	0.3890
1053	R	0.3286	0.3859
1054	S	0.2752	0.3870
1055	W	0.2645	0.3862
1056	T	0.3356	0.3806
1057	A	0.3910	0.3761
1058	A	0.3983	0.3721
1059	D	0.3740	0.3707
1060	M	0.3774	0.3715
1061	A	0.3426	0.3703
1062	A	0.3149	0.3698
1063	Q	0.3774	0.3683
1064	I	0.4051	0.3687
1065	T	0.3872	0.3637
1066	K	0.5017	0.3608
1067	R	0.5098	0.3651
1068	K	0.4582	0.3778
1069	W	0.4652	0.3919
1070	E	0.4369	0.4036
1071	A	0.3872	0.4174
1072	A	0.3356	0.4314
1073	H	0.3631	0.4264
1074	E	0.3529	0.4190
1075	A	0.4186	0.4137
1076	E	0.3321	0.4109
1077	Q	0.2918	0.4073
1078	L	0.3182	0.4068
1079	R	0.2364	0.4102
1080	A	0.2645	0.4124
1081	Y	0.2436	0.4164
1082	L	0.2541	0.4221
1083	D	0.1969	0.4274
1084	G	0.1424	0.4311
1085	T	0.1424	0.4339
1086	C	0.1643	0.4355
1087	V	0.1554	0.4362
1088	E	0.1399	0.4354
1089	W	0.2094	0.4348
1090	L	0.2193	0.4340
1091	R	0.1759	0.4336
1092	R	0.2575	0.4335
1093	Y	0.3149	0.4329
1094	L	0.3087	0.4322
1095	E	0.3149	0.4300
1096	N	0.3426	0.4269
1097	G	0.4582	0.4223
1098	K	0.5017	0.4161
1099	E	0.4901	0.4097
1100	T	0.5992	0.4021
1101	L	0.6427	0.3978
1102	Q	0.6576	0.3930
1103	R	0.6620	0.3880
1104	T	0.7595	0.3844
1105	D	0.8623	0.3825
1106	P	0.7629	0.3857
1107	P	0.7505	0.3911
1108	K	0.7595	0.3960
1109	T	0.7629	0.4028
1110	H	0.7629	0.4105
1111	M	0.7331	0.4198
1112	T	0.8162	0.4231
1113	H	0.7163	0.4299
1114	H	0.7163	0.4326
1115	P	0.6136	0.4295
1116	I	0.4864	0.4274
1117	S	0.4330	0.4278
1118	D	0.3249	0.4289
1119	H	0.3356	0.4315
1120	E	0.2328	0.4367
1121	A	0.1554	0.4448
1122	T	0.2094	0.4557
1123	L	0.1881	0.4687
1124	R	0.2034	0.4800
1125	C	0.1399	0.4958
1126	W	0.1229	0.5106
1127	A	0.1229	0.5243
1128	L	0.1251	0.5329
1129	G	0.0690	0.5366
1130	F	0.0734	0.5372
1131	Y	0.0631	0.5260
1132	P	0.0780	0.5127
1133	A	0.0780	0.5024
1134	E	0.1323	0.4921
1135	I	0.1449	0.4811
1136	T	0.2164	0.4663
1137	L	0.3117	0.4564
1138	T	0.3426	0.4468
1139	W	0.4292	0.4389
1140	Q	0.4292	0.4335
1141	R	0.5533	0.4307
1142	D	0.5758	0.4299
1143	G	0.4801	0.4296
1144	E	0.5211	0.4314
1145	D	0.5098	0.4337
1146	Q	0.5992	0.4294
1147	T	0.6375	0.4271
1148	Q	0.7120	0.4259
1149	D	0.7120	0.4281
1150	T	0.8313	0.4300
1151	E	0.8235	0.4332
1152	L	0.8343	0.4307
1153	V	0.7163	0.4302
1154	E	0.7209	0.4311
1155	T	0.6948	0.4322
1156	R	0.5620	0.4321
1157	P	0.5254	0.4313
1158	A	0.4979	0.4308
1159	G	0.4330	0.4309
1160	D	0.3704	0.4325
1161	G	0.3117	0.4346
1162	T	0.3286	0.4386
1163	F	0.3983	0.4433
1164	Q	0.4541	0.4478
1165	K	0.4541	0.4536
1166	W	0.4685	0.4602
1167	A	0.4831	0.4616
1168	A	0.4441	0.4591
1169	V	0.3740	0.4554
1170	V	0.3740	0.4496
1171	V	0.2817	0.4444
1172	P	0.2817	0.4391
1173	S	0.2164	0.4353
1174	G	0.3149	0.4335
1175	E	0.3087	0.4331
1176	E	0.3321	0.4331
1177	Q	0.4220	0.4293
1178	R	0.3667	0.4256
1179	Y	0.4186	0.4230
1180	T	0.4725	0.4198
1181	C	0.5665	0.4166
1182	H	0.5419	0.4110
1183	V	0.5098	0.4038
1184	Q	0.4330	0.3960
1185	H	0.4292	0.3913
1186	E	0.3249	0.3909
1187	G	0.3249	0.3897
1188	L	0.2436	0.3896
1189	P	0.2436	0.3869
1190	K	0.3321	0.3808
1191	P	0.3356	0.3772
1192	L	0.4476	0.3735
1193	T	0.4507	0.3744
1194	L	0.4220	0.3746
1195	R	0.4507	0.3758
1196	W	0.3631	0.3743
1197	E	0.2849	0.3577
1198	L	0.2849	0.3434
1199	S	0.2783	0.3289
1200	S	0.1671	0.3163
1201	Q	0.1501	0.3064
1202	P	0.1275	0.3004
1203	T	0.1251	0.2988
1204	I	0.0851	0.3005
1205	P	0.0851	0.3089
1206	I	0.0518	0.3202
1207	V	0.0909	0.3324
1208	G	0.0690	0.3524
1209	I	0.0765	0.3748
1210	I	0.0454	0.3970
1211	A	0.0473	0.4172
1212	G	0.0463	0.4336
1213	L	0.0320	0.4199
1214	V	0.0218	0.4138
1215	L	0.0248	0.4126
1216	L	0.0181	0.4197
1217	G	0.0248	0.4323
1218	A	0.0248	0.4229
1219	V	0.0209	0.4148
1220	I	0.0209	0.4133
1221	T	0.0349	0.4133
1222	G	0.0414	0.4157
1223	A	0.0389	0.4199
1224	V	0.0646	0.4232
1225	V	0.0929	0.4283
1226	A	0.1583	0.4316
1227	A	0.2292	0.4198
1228	V	0.2193	0.4051
1229	M	0.2541	0.3925
1230	W	0.3182	0.3888
1231	R	0.4017	0.4029
1232	R	0.3087	0.4230
1233	K	0.3117	0.4226
1234	S	0.3494	0.3991
1235	S	0.3840	0.3738
1236	D	0.4186	0.3476
1237	R	0.4476	0.3195
1238	K	0.4725	0.2904
1239	G	0.5620	0.2639
1240	G	0.5951	0.2408
1241	S	0.6755	0.2229
1242	Y	0.6906	0.2119
1243	T	0.6991	0.2054
1244	Q	0.6991	0.1989
1245	A	0.7250	0.1957
1246	A	0.6427	0.1961
1247	S	0.6136	0.1997
1248	S	0.5139	0.2052
1249	D	0.5254	0.2117
1250	S	0.4864	0.2156
1251	A	0.4119	0.2208
1252	Q	0.4087	0.2283
1253	G	0.4330	0.2382
1254	S	0.3872	0.2519
1255	D	0.3117	0.2678
1256	V	0.3321	0.2808
1257	S	0.3249	0.2918
1258	L	0.2951	0.3006
1259	T	0.2645	0.3098
1260	A	0.2752	0.3227
1261	C	0.2752	0.3388
1262	K	0.2193	0.3530
1263	V	0.1399	0.3718
1264	M	0.0780	0.3912
1265	V	0.0463	0.4063
1266	S	0.0240	0.4251
1267	A	0.0209	0.4156
1268	A	0.0136	0.3833
1269	A	0.0130	0.3460
1270	P	0.0088	0.3037
1271	S	0.0097	0.2677
1272	L	0.0130	0.2332
1273	L	0.0095	0.2040
1274	I	0.0148	0.1842
1275	L	0.0148	0.1684
1276	L	0.0218	0.1580
1277	L	0.0248	0.1514
1278	L	0.0240	0.1548
1279	L	0.0300	0.1696
1280	L	0.0356	0.1947
1281	G	0.0194	0.2268
1282	S	0.0231	0.2601
1283	V	0.0223	0.2907
1284	P	0.0364	0.3204
1285	A	0.0518	0.3487
1286	T	0.0929	0.3740
1287	D	0.0765	0.3905
1288	A	0.0765	0.4053
1289	R	0.1424	0.4107
1290	S	0.2364	0.4070
1291	V	0.2541	0.3954
1292	P	0.2164	0.3830
1293	L	0.2193	0.3740
1294	K	0.2884	0.3746
1295	A	0.2575	0.3713
1296	T	0.3117	0.3648
1297	F	0.2680	0.3599
1298	L	0.2715	0.3585
1299	E	0.3053	0.3598
1300	D	0.2951	0.3653
1301	V	0.2988	0.3741
1302	A	0.3356	0.3857
1303	G	0.3019	0.3969
1304	S	0.3872	0.4071
1305	G	0.4186	0.4154
1306	E	0.4541	0.4231
1307	A	0.3631	0.4289
1308	E	0.5176	0.4332
1309	G	0.6712	0.4359
1310	S	0.6851	0.4367
1311	S	0.5382	0.4376
1312	A	0.6427	0.4391
1313	S	0.7331	0.4404
1314	S	0.6906	0.4422
1315	P	0.5901	0.4459
1316	S	0.5901	0.4496
1317	L	0.5992	0.4537
1318	P	0.6620	0.4571
1319	P	0.6269	0.4598
1320	P	0.5854	0.4628
1321	W	0.5951	0.4642
1322	T	0.6427	0.4614
1323	P	0.7120	0.4586
1324	A	0.7547	0.4560
1325	L	0.6482	0.4518
1326	S	0.6136	0.4464
1327	P	0.5254	0.4419
1328	T	0.6375	0.4383
1329	S	0.5992	0.4358
1330	M	0.5992	0.4342
1331	G	0.5533	0.4330
1332	P	0.7250	0.4329
1333	Q	0.7547	0.4336
1334	P	0.7250	0.4320
1335	I	0.7843	0.4289
1336	T	0.7415	0.4253
1337	L	0.6482	0.4216
1338	G	0.6322	0.4191
1339	G	0.6269	0.4155
1340	P	0.5176	0.4105
1341	S	0.4831	0.4045
1342	P	0.5017	0.4028
1343	P	0.3599	0.4016
1344	T	0.2328	0.4007
1345	N	0.2094	0.4020
1346	F	0.3087	0.4074
1347	L	0.2064	0.4055
1348	D	0.2193	0.4008
1349	G	0.1852	0.3894
1350	I	0.1229	0.3771
1351	V	0.0592	0.3664
1352	D	0.0506	0.3564
1353	F	0.0275	0.3358
1354	F	0.0160	0.3109
1355	R	0.0160	0.2842
1356	Q	0.0146	0.2560
1357	Y	0.0174	0.2274
1358	V	0.0227	0.2103
1359	M	0.0119	0.1976
1360	L	0.0089	0.1894
1361	I	0.0093	0.1818
1362	A	0.0105	0.1769
1363	V	0.0070	0.1718
1364	V	0.0076	0.1713
1365	G	0.0091	0.1740
1366	S	0.0071	0.1785
1367	L	0.0064	0.1849
1368	A	0.0079	0.1925
1369	F	0.0082	0.1979
1370	L	0.0071	0.1990
1371	L	0.0094	0.2003
1372	M	0.0138	0.2041
1373	F	0.0178	0.2030
1374	I	0.0244	0.2009
1375	V	0.0405	0.2012
1376	C	0.0380	0.2043
1377	A	0.0334	0.2012
1378	A	0.0543	0.2031
1379	V	0.0568	0.2077
1380	I	0.0646	0.2134
1381	T	0.0605	0.2248
1382	R	0.1184	0.2401
1383	Q	0.1399	0.2533
1384	K	0.2258	0.2669
1385	Q	0.2193	0.2835
1386	K	0.3117	0.2998
1387	A	0.3740	0.3156
1388	S	0.3910	0.3337
1389	A	0.4087	0.3489
1390	Y	0.3840	0.3643
1391	Y	0.4051	0.3781
1392	P	0.4186	0.3920
1393	S	0.4330	0.4050
1394	S	0.4149	0.4189
1395	F	0.4476	0.4311
1396	P	0.4330	0.4256
1397	K	0.4149	0.4155
1398	K	0.4476	0.4066
1399	K	0.4507	0.4001
1400	Y	0.5098	0.3963
1401	V	0.6136	0.3933
1402	D	0.6991	0.3936
1403	Q	0.5382	0.3967
1404	S	0.5382	0.4023
1405	D	0.5620	0.4091
1406	R	0.6043	0.4175
1407	A	0.6043	0.4278
1408	G	0.6482	0.4412
1409	G	0.6576	0.4562
1410	P	0.6375	0.4746
1411	R	0.7843	0.4942
1412	A	0.8623	0.5150
1413	F	0.8421	0.5334
1414	S	0.8235	0.5404
1415	E	0.8596	0.5479
1416	V	0.8565	0.5574
1417	P	0.8741	0.5596
1418	D	0.8741	0.5619
1419	R	0.8013	0.5695
1420	A	0.8198	0.5775
1421	P	0.7881	0.5824
1422	D	0.7916	0.5850
1423	S	0.8085	0.5835
1424	R	0.8991	0.5836
1425	P	0.8421	0.6023
1426	E	0.8313	0.6172
1427	E	0.8681	0.6401
1428	A	0.8596	0.6713
1429	L	0.7547	0.7079
1430	D	0.6755	0.7383
1431	S	0.6755	0.7683
1432	S	0.5951	0.8000
1433	R	0.5807	0.8275
1434	Q	0.5901	0.8586
1435	L	0.6043	0.8840
1436	Q	0.4801	0.9010
1437	A	0.4476	0.9145
1438	D	0.4292	0.9230
1439	I	0.4901	0.9302
1440	L	0.5807	0.9310
1441	A	0.5493	0.9250
1442	A	0.5176	0.9148
1443	T	0.4901	0.9002
1444	Q	0.4256	0.8913
1445	N	0.4186	0.8809
1446	L	0.4901	0.8743
1447	K	0.4801	0.8603
1448	S	0.5342	0.8537
1449	P	0.5098	0.8481
1450	T	0.5665	0.8436
1451	R	0.6531	0.8427
1452	A	0.6531	0.8662
1453	A	0.6043	0.8868
1454	L	0.6183	0.9014
1455	G	0.6136	0.9016
1456	G	0.5951	0.8992
1457	G	0.6948	0.8937
1458	D	0.6755	0.8946
1459	G	0.6991	0.8882
1460	A	0.6806	0.8829
1461	R	0.6948	0.8731
1462	M	0.7209	0.8678
1463	V	0.7415	0.8359
1464	E	0.7755	0.7908
1465	G	0.8462	0.7439
1466	R	0.8530	0.7005
1467	G	0.8681	0.6687
1468	A	0.8713	0.6364
1469	E	0.8713	0.5979
1470	E	0.8765	0.5575
1471	E	0.9057	0.5171
1472	E	0.8713	0.4919
1473	K	0.8942	0.4522
1474	G	0.9329	0.4491
1475	S	0.9287	0.4678
1476	Q	0.9287	0.4816
1477	E	0.8991	0.5127
1478	G	0.9190	0.5391
1479	D	0.8991	0.5736
1480	Q	0.9013	0.6030
1481	E	0.8942	0.6444
1482	V	0.9039	0.6836
1483	Q	0.9039	0.7108
1484	G	0.8942	0.7521
1485	H	0.9013	0.7813
1486	G	0.9126	0.7960
1487	V	0.9168	0.8143
1488	P	0.9269	0.8229
1489	V	0.8713	0.8200
1490	E	0.8530	0.8089
1491	T	0.8493	0.7988
1492	P	0.7718	0.7872
1493	E	0.7629	0.7830
1494	A	0.7755	0.7808
1495	Q	0.7755	0.7647
1496	E	0.7369	0.7593
1497	E	0.6620	0.7628
1498	P	0.6576	0.7666
1499	C	0.5807	0.7719
1500	S	0.6620	0.7957
1501	G	0.6620	0.8205
1502	V	0.6576	0.8430
1503	L	0.6227	0.8555
1504	E	0.6043	0.8525
1505	G	0.6576	0.8496
1506	A	0.5577	0.8537
1507	V	0.5577	0.8498
1508	V	0.5456	0.8386
1509	A	0.5055	0.8194
1510	G	0.5254	0.7994
1511	E	0.4582	0.7796
1512	G	0.3872	0.7639
1513	Q	0.4220	0.7475
1514	G	0.4940	0.7385
1515	E	0.4940	0.7419
1516	L	0.4652	0.7411
1517	E	0.4979	0.7212
1518	G	0.5665	0.7015
1519	S	0.6906	0.6866
1520	L	0.6375	0.6775
1521	L	0.6375	0.6595
1522	L	0.6576	0.6306
1523	A	0.6991	0.5964
1524	Q	0.7120	0.5645
1525	E	0.7080	0.5350
1526	A	0.7250	0.5058
1527	Q	0.7080	0.4771
1528	G	0.6576	0.4603
1529	P	0.5456	0.4433
1530	V	0.5456	0.4271
1531	G	0.6269	0.4128
1532	P	0.6375	0.4040
1533	P	0.7331	0.3997
1534	E	0.7982	0.3980
1535	S	0.7881	0.3960
1536	P	0.6991	0.3946
1537	C	0.6991	0.3946
1538	A	0.6620	0.3992
1539	C	0.5807	0.4038
1540	S	0.5139	0.4104
1541	S	0.5577	0.4168
1542	V	0.5992	0.4225
1543	H	0.5456	0.4267
1544	P	0.5139	0.4298
1545	S	0.4256	0.4326
1546	V	0.3631	0.4351
1547	M	0.2715	0.4370
1548	A	0.2849	0.4379
1549	V	0.2436	0.4371
1550	M	0.3215	0.4355
1551	A	0.3249	0.4340
1552	P	0.3053	0.4313
1553	R	0.2988	0.4275
1554	T	0.2752	0.4229
1555	L	0.1791	0.4172
1556	L	0.1881	0.4126
1557	L	0.2436	0.4086
1558	L	0.2752	0.4070
1559	L	0.2034	0.4076
1560	S	0.2364	0.4122
1561	G	0.2609	0.4162
1562	A	0.2817	0.4186
1563	L	0.2470	0.4207
1564	A	0.2541	0.4248
1565	L	0.2164	0.4293
1566	T	0.2752	0.4310
1567	Q	0.2541	0.4224
1568	T	0.2258	0.4155
1569	W	0.1969	0.4102
1570	A	0.2645	0.4030
1571	G	0.2645	0.3975
1572	S	0.2002	0.3908
1573	H	0.2164	0.3852
1574	S	0.2752	0.3790
1575	M	0.3182	0.3768
1576	R	0.3840	0.3733
1577	Y	0.3704	0.3706
1578	F	0.3667	0.3730
1579	F	0.3740	0.3729
1580	T	0.4979	0.3719
1581	S	0.5176	0.3697
1582	V	0.4119	0.3697
1583	S	0.3392	0.3727
1584	R	0.3117	0.3778
1585	P	0.2541	0.3857
1586	G	0.2817	0.3929
1587	R	0.2034	0.4014
1588	G	0.2258	0.4114
1589	E	0.3286	0.4189
1590	P	0.4409	0.4269
1591	R	0.4369	0.4333
1592	F	0.4476	0.4250
1593	I	0.4051	0.4181
1594	A	0.3494	0.4135
1595	V	0.3494	0.4120
1596	G	0.2193	0.4108
1597	Y	0.2328	0.4093
1598	V	0.2364	0.4083
1599	D	0.2470	0.4089
1600	D	0.2034	0.4104
1601	T	0.1554	0.4111
1602	Q	0.1554	0.4138
1603	F	0.2541	0.4200
1604	V	0.3215	0.4273
1605	R	0.3087	0.4331
1606	F	0.3840	0.4367
1607	D	0.4119	0.4390
1608	S	0.4979	0.4393
1609	D	0.5342	0.4394
1610	A	0.5493	0.4401
1611	A	0.4256	0.4399
1612	S	0.3426	0.4394
1613	Q	0.3494	0.4393
1614	R	0.4652	0.4387
1615	M	0.5456	0.4390
1616	E	0.5533	0.4394
1617	P	0.7289	0.4399
1618	R	0.7289	0.4420
1619	A	0.6136	0.4463
1620	P	0.4725	0.4507
1621	W	0.5176	0.4539
1622	I	0.5620	0.4552
1623	E	0.5854	0.4544
1624	Q	0.5707	0.4542
1625	E	0.5707	0.4532
1626	G	0.6375	0.4520
1627	P	0.5382	0.4530
1628	E	0.4940	0.4518
1629	Y	0.4725	0.4512
1630	W	0.5139	0.4477
1631	D	0.4766	0.4418
1632	Q	0.6043	0.4353
1633	E	0.7120	0.4299
1634	T	0.7036	0.4262
1635	R	0.6755	0.4222
1636	N	0.5707	0.4198
1637	V	0.5854	0.4191
1638	K	0.4582	0.4184
1639	A	0.4441	0.4207
1640	Q	0.5419	0.4220
1641	S	0.5707	0.4258
1642	Q	0.5456	0.4291
1643	T	0.5342	0.4326
1644	D	0.4256	0.4363
1645	R	0.3392	0.4390
1646	V	0.3529	0.4404
1647	D	0.3566	0.4391
1648	L	0.4119	0.4349
1649	G	0.4330	0.4303
1650	T	0.4369	0.4277
1651	L	0.4292	0.4260
1652	R	0.4292	0.4258
1653	G	0.4186	0.4241
1654	Y	0.4149	0.4226
1655	Y	0.3356	0.4227
1656	N	0.3566	0.4249
1657	Q	0.3529	0.4270
1658	S	0.3087	0.4281
1659	E	0.3053	0.4280
1660	A	0.3087	0.4262
1661	G	0.2364	0.4247
1662	S	0.3215	0.4229
1663	H	0.2783	0.4166
1664	T	0.2817	0.4108
1665	I	0.3599	0.4028
1666	Q	0.4541	0.3962
1667	I	0.4441	0.3879
1668	M	0.4256	0.3856
1669	Y	0.3356	0.3847
1670	G	0.2541	0.3872
1671	C	0.2680	0.3890
1672	D	0.2715	0.3925
1673	V	0.1942	0.3958
1674	G	0.1881	0.4053
1675	S	0.1942	0.4139
1676	D	0.2715	0.4244
1677	G	0.2364	0.4303
1678	R	0.2164	0.4324
1679	F	0.2609	0.4299
1680	L	0.3426	0.4316
1681	R	0.3286	0.4222
1682	G	0.4119	0.4143
1683	Y	0.3215	0.4110
1684	R	0.3053	0.4067
1685	Q	0.2849	0.4075
1686	D	0.2193	0.4093
1687	A	0.2224	0.4101
1688	Y	0.2328	0.4097
1689	D	0.2503	0.4047
1690	G	0.2783	0.3999
1691	K	0.3356	0.4002
1692	D	0.3426	0.4056
1693	Y	0.2436	0.4112
1694	I	0.3249	0.4119
1695	A	0.3149	0.4102
1696	L	0.2884	0.4065
1697	N	0.2884	0.3983
1698	E	0.2783	0.3934
1699	D	0.3460	0.3895
1700	L	0.3182	0.3890
1701	R	0.3286	0.3859
1702	S	0.2752	0.3870
1703	W	0.2645	0.3862
1704	T	0.3356	0.3806
1705	A	0.3910	0.3761
1706	A	0.3983	0.3721
1707	D	0.3740	0.3707
1708	M	0.3774	0.3715
1709	A	0.3426	0.3703
1710	A	0.3149	0.3698
1711	Q	0.3774	0.3683
1712	I	0.4051	0.3687
1713	T	0.3872	0.3637
1714	K	0.5017	0.3608
1715	R	0.5098	0.3651
1716	K	0.4582	0.3778
1717	W	0.4652	0.3919
1718	E	0.4369	0.4036
1719	A	0.3872	0.4174
1720	A	0.3356	0.4314
1721	H	0.3631	0.4264
1722	E	0.3529	0.4190
1723	A	0.4186	0.4137
1724	E	0.3321	0.4109
1725	Q	0.2918	0.4073
1726	L	0.3182	0.4068
1727	R	0.2364	0.4102
1728	A	0.2645	0.4124
1729	Y	0.2436	0.4164
1730	L	0.2541	0.4221
1731	D	0.1969	0.4274
1732	G	0.1424	0.4311
1733	T	0.1424	0.4339
1734	C	0.1643	0.4355
1735	V	0.1554	0.4362
1736	E	0.1399	0.4354
1737	W	0.2094	0.4348
1738	L	0.2193	0.4340
1739	R	0.1759	0.4336
1740	R	0.2575	0.4335
1741	Y	0.3149	0.4329
1742	L	0.3087	0.4322
1743	E	0.3149	0.4300
1744	N	0.3426	0.4269
1745	G	0.4582	0.4223
1746	K	0.5017	0.4161
1747	E	0.4901	0.4097
1748	T	0.5992	0.4021
1749	L	0.6427	0.3978
1750	Q	0.6576	0.3930
1751	R	0.6620	0.3880
1752	T	0.7595	0.3844
1753	D	0.8623	0.3825
1754	P	0.7629	0.3857
1755	P	0.7505	0.3911
1756	K	0.7595	0.3960
1757	T	0.7629	0.4028
1758	H	0.7629	0.4105
1759	M	0.7331	0.4198
1760	T	0.8162	0.4231
1761	H	0.7163	0.4299
1762	H	0.7163	0.4326
1763	P	0.6136	0.4295
1764	I	0.4864	0.4274
1765	S	0.4330	0.4278
1766	D	0.3249	0.4289
1767	H	0.3356	0.4315
1768	E	0.2328	0.4367
1769	A	0.1554	0.4448
1770	T	0.2094	0.4557
1771	L	0.1881	0.4687
1772	R	0.2034	0.4800
1773	C	0.1399	0.4958
1774	W	0.1229	0.5106
1775	A	0.1229	0.5244
1776	L	0.1251	0.5332
1777	G	0.0690	0.5371
1778	F	0.0734	0.5378
1779	Y	0.0631	0.5269
1780	P	0.0780	0.5138
1781	A	0.0780	0.5036
1782	E	0.1323	0.4936
1783	I	0.1449	0.4828
1784	T	0.2164	0.4681
1785	L	0.3117	0.4581
1786	T	0.3426	0.4483
1787	W	0.4292	0.4403
1788	Q	0.4292	0.4346
1789	R	0.5533	0.4315
1790	D	0.5758	0.4305
1791	G	0.4801	0.4300
1792	E	0.5211	0.4316
1793	D	0.5098	0.4337
1794	Q	0.5992	0.4298
1795	T	0.6375	0.4278
1796	Q	0.7120	0.4268
1797	D	0.7120	0.4289
1798	T	0.8313	0.4306
1799	E	0.8235	0.4333
1800	L	0.8343	0.4316
1801	V	0.7163	0.4315
1802	E	0.7209	0.4324
1803	T	0.6948	0.4332
1804	R	0.5620	0.4335
1805	P	0.5296	0.4342
1806	A	0.5017	0.4355
1807	G	0.4409	0.4372
1808	D	0.3740	0.4405
1809	G	0.3182	0.4446
1810	T	0.3356	0.4505
1811	F	0.4051	0.4577
1812	Q	0.4652	0.4639
1813	K	0.4652	0.4731
1814	W	0.4801	0.4844
1815	A	0.4901	0.4880
1816	A	0.4507	0.4851
1817	V	0.3872	0.4800
1818	V	0.3872	0.4723
1819	V	0.2988	0.4647
1820	P	0.2951	0.4561
1821	S	0.2436	0.4484
1822	G	0.3426	0.4410
1823	E	0.3356	0.4364
1824	E	0.3599	0.4325
1825	Q	0.4541	0.4294
1826	R	0.4051	0.4297
1827	Y	0.4582	0.4316
1828	T	0.5055	0.4336
1829	C	0.6136	0.4308
1830	H	0.5992	0.4273
1831	V	0.5620	0.4227
1832	Q	0.4901	0.4175
1833	H	0.4864	0.4135
1834	E	0.3872	0.4116
1835	G	0.3872	0.4099
1836	L	0.3182	0.4090
1837	P	0.3249	0.4066
1838	K	0.4087	0.4023
1839	P	0.4149	0.3998
1840	L	0.5342	0.3972
1841	T	0.5382	0.3975
1842	L	0.5176	0.3973
1843	R	0.5456	0.3977
1844	W	0.4685	0.3967
1845	E	0.4017	0.3861
1846	L	0.4017	0.3768
1847	S	0.4017	0.3674
1848	S	0.3019	0.3594
1849	Q	0.2918	0.3535
1850	P	0.2680	0.3503
1851	T	0.2645	0.3500
1852	I	0.2129	0.3521
1853	P	0.2094	0.3581
1854	I	0.1528	0.3660
1855	V	0.2292	0.3743
1856	G	0.1969	0.3866
1857	I	0.2094	0.4003
1858	I	0.1476	0.4132
1859	A	0.1528	0.4247
1860	G	0.1476	0.4336
1861	L	0.1115	0.4263
1862	V	0.0799	0.4231
1863	L	0.0888	0.4224
1864	L	0.0646	0.4257
1865	G	0.0888	0.4314
1866	A	0.0870	0.4314
1867	V	0.0749	0.4291
1868	I	0.0690	0.4300
1869	T	0.1028	0.4311
1870	G	0.1092	0.4326
1871	A	0.1007	0.4331
1872	V	0.1449	0.4314
1873	V	0.1881	0.4290
1874	A	0.2645	0.4256
1875	A	0.3215	0.4218
1876	V	0.3087	0.4184
1877	M	0.3321	0.4165
1878	W	0.3872	0.4177
1879	R	0.4619	0.4257
1880	R	0.3840	0.4328
1881	K	0.3872	0.4286
1882	S	0.4119	0.4233
1883	S	0.4476	0.4191
1884	D	0.4864	0.4161
1885	R	0.5055	0.4142
1886	K	0.5296	0.4133
1887	G	0.6136	0.4153
1888	G	0.6427	0.4182
1889	S	0.7209	0.4236
1890	Y	0.7369	0.4300
1891	T	0.7505	0.4322
1892	Q	0.7629	0.4269
1893	A	0.7755	0.4227
1894	A	0.7120	0.4212
1895	S	0.6948	0.4217
1896	S	0.6136	0.4283
1897	D	0.6375	0.4374
1898	S	0.5992	0.4490
1899	A	0.5176	0.4650
1900	Q	0.5055	0.4788
1901	G	0.5254	0.5022
1902	S	0.4979	0.5393
1903	D	0.4685	0.5842
1904	V	0.4940	0.6278
1905	S	0.5296	0.6614
1906	L	0.5342	0.6942
1907	T	0.5456	0.7113
1908	A	0.4725	0.7373
1909	C	0.4864	0.7545
1910	K	0.4409	0.7750
1911	V	0.4476	0.8028
1912	M	0.3807	0.8250
1913	A	0.3948	0.8303
1914	T	0.3872	0.8270
1915	E	0.4541	0.8258
1916	G	0.4619	0.8290
1917	D	0.5342	0.8317
1918	V	0.5296	0.8378
1919	E	0.5951	0.8316
1920	L	0.6991	0.8296
1921	E	0.7036	0.8065
1922	L	0.8085	0.7818
1923	E	0.8623	0.7388
1924	T	0.8894	0.7032
1925	E	0.8792	0.6710
1926	T	0.8942	0.6371
1927	S	0.8894	0.6014
1928	G	0.8741	0.5561
1929	P	0.9168	0.5171
1930	E	0.9168	0.4857
1931	R	0.9519	0.4498
1932	P	0.9457	0.4385
1933	P	0.9649	0.4269
1934	E	0.9503	0.4326
1935	K	0.9534	0.4371
1936	P	0.9106	0.4689
1937	R	0.9168	0.4943
1938	K	0.9126	0.5244
1939	H	0.8741	0.5814
1940	D	0.8530	0.6249
1941	S	0.8493	0.6678
1942	G	0.7755	0.7211
1943	A	0.7120	0.7739
1944	A	0.6906	0.8108
1945	D	0.6906	0.8347
1946	L	0.6906	0.8518
1947	E	0.6661	0.8426
1948	R	0.5807	0.8436
1949	V	0.6043	0.8458
1950	T	0.5951	0.8308
1951	D	0.5807	0.8197
1952	Y	0.5951	0.8058
1953	A	0.5254	0.7793
1954	E	0.5665	0.7319
1955	E	0.6043	0.6933
1956	K	0.5665	0.6755
1957	E	0.6427	0.6881
1958	I	0.6227	0.7226
1959	Q	0.5707	0.7369
1960	S	0.5665	0.7583
1961	S	0.5620	0.7815
1962	N	0.5620	0.7982
1963	L	0.6531	0.8143
1964	E	0.6712	0.8153
1965	T	0.6531	0.8250
1966	A	0.6183	0.8305
1967	M	0.6531	0.8241
1968	S	0.6427	0.7943
1969	V	0.7163	0.7565
1970	I	0.6906	0.7178
1971	G	0.6712	0.6560
1972	D	0.6806	0.5916
1973	R	0.6906	0.5278
1974	R	0.7505	0.4666
1975	S	0.7505	0.4238
1976	R	0.7289	0.3761
1977	E	0.7672	0.3343
1978	Q	0.7209	0.3089
1979	K	0.7036	0.2973
1980	A	0.7369	0.2901
1981	K	0.7547	0.2832
1982	Q	0.7595	0.2882
1983	E	0.6661	0.3000
1984	R	0.6620	0.3126
1985	E	0.6531	0.3264
1986	K	0.6712	0.3392
1987	E	0.6991	0.3585
1988	L	0.6089	0.3847
1989	A	0.6136	0.3957
1990	K	0.5620	0.4070
1991	V	0.5139	0.4264
1992	T	0.5176	0.4533
1993	I	0.5139	0.4775
1994	K	0.5098	0.4923
1995	K	0.5098	0.5191
1996	E	0.5055	0.5472
1997	D	0.4619	0.5800
1998	L	0.4476	0.6119
1999	E	0.4864	0.6269
2000	L	0.4901	0.6504
2001	I	0.4940	0.6662
2002	M	0.5342	0.6749
2003	T	0.5419	0.6689
2004	E	0.6043	0.6602
2005	M	0.6322	0.6566
2006	E	0.5807	0.6452
2007	I	0.5493	0.6314
2008	S	0.5456	0.6119
2009	R	0.6375	0.5969
2010	A	0.6136	0.6020
2011	A	0.6906	0.6018
2012	A	0.7755	0.5981
2013	E	0.7289	0.5956
2014	R	0.6620	0.6078
2015	S	0.6620	0.6276
2016	L	0.6576	0.6473
2017	R	0.5707	0.6661
2018	E	0.5665	0.6940
2019	H	0.5493	0.7296
2020	M	0.5017	0.7627
2021	G	0.5211	0.7779
2022	N	0.5456	0.7946
2023	V	0.5456	0.8217
2024	V	0.5176	0.8460
2025	E	0.5382	0.8627
2026	A	0.5456	0.8766
2027	L	0.6136	0.8862
2028	I	0.6427	0.8919
2029	A	0.5577	0.8917
2030	L	0.5493	0.8860
2031	T	0.4901	0.8776
2032	N	0.4979	0.8749
2033	M	0.4256	0.8795
2034	A	0.4831	0.8716
2035	T	0.5419	0.8603
2036	E	0.5419	0.8511
2037	G	0.5665	0.8413
2038	D	0.6375	0.8347
2039	V	0.7209	0.8323
2040	E	0.7755	0.8284
2041	L	0.8462	0.8272
2042	E	0.8279	0.8137
2043	L	0.8493	0.7992
2044	E	0.8872	0.7638
2045	T	0.9057	0.7352
2046	E	0.8942	0.7038
2047	T	0.9106	0.6717
2048	S	0.9039	0.6336
2049	G	0.8894	0.5839
2050	P	0.9329	0.5410
2051	E	0.9308	0.5009
2052	R	0.9606	0.4598
2053	P	0.9562	0.4422
2054	P	0.9693	0.4278
2055	E	0.9593	0.4287
2056	K	0.9606	0.4310
2057	P	0.9211	0.4610
2058	R	0.9249	0.4859
2059	K	0.9168	0.5183
2060	H	0.8741	0.5770
2061	D	0.8530	0.6210
2062	S	0.8493	0.6633
2063	G	0.7799	0.7151
2064	A	0.7120	0.7653
2065	A	0.6851	0.8002
2066	D	0.6906	0.8213
2067	L	0.6906	0.8358
2068	E	0.6620	0.8263
2069	R	0.5665	0.8255
2070	V	0.5901	0.8241
2071	T	0.5665	0.8065
2072	D	0.5577	0.7933
2073	Y	0.5707	0.7781
2074	A	0.4864	0.7503
2075	E	0.5254	0.7040
2076	E	0.5577	0.6667
2077	K	0.5176	0.6484
2078	E	0.5665	0.6576
2079	I	0.5533	0.6844
2080	Q	0.4940	0.6941
2081	S	0.4652	0.7093
2082	S	0.4582	0.7260
2083	N	0.4619	0.7365
2084	L	0.5382	0.7462
2085	E	0.5493	0.7417
2086	T	0.5382	0.7445
2087	A	0.5098	0.7427
2088	M	0.5419	0.7278
2089	S	0.5342	0.6913
2090	V	0.6322	0.6517
2091	I	0.5807	0.6150
2092	G	0.5665	0.5661
2093	D	0.5758	0.5218
2094	R	0.5854	0.4833
2095	R	0.6755	0.4504
2096	S	0.6806	0.4289
2097	R	0.6620	0.4066
2098	E	0.7209	0.3889
2099	Q	0.6531	0.3798
2100	K	0.6136	0.3764
2101	A	0.6851	0.3758
2102	K	0.7120	0.3746
2103	Q	0.7250	0.3772
2104	E	0.5807	0.3829
2105	R	0.5854	0.3885
2106	E	0.5854	0.3948
2107	K	0.6089	0.4005
2108	E	0.6375	0.4084
2109	L	0.5139	0.4179
2110	A	0.5254	0.4218
2111	K	0.4507	0.4253
2112	V	0.3872	0.4299
2113	T	0.3667	0.4359
2114	I	0.3667	0.4407
2115	K	0.3667	0.4426
2116	K	0.3426	0.4461
2117	E	0.3426	0.4487
2118	D	0.2575	0.4505
2119	L	0.2399	0.4509
2120	E	0.3087	0.4491
2121	L	0.3087	0.4468
2122	I	0.2884	0.4433
2123	M	0.3249	0.4387
2124	T	0.3356	0.4338
2125	E	0.4220	0.4305
2126	M	0.4292	0.4280
2127	E	0.3631	0.4290
2128	I	0.3392	0.4334
2129	S	0.3460	0.4281
2130	R	0.4330	0.4209
2131	A	0.3910	0.4166
2132	A	0.4725	0.4109
2133	A	0.5951	0.4066
2134	E	0.5493	0.4020
2135	R	0.4725	0.4014
2136	S	0.4725	0.4038
2137	L	0.4725	0.4041
2138	R	0.3840	0.4070
2139	E	0.3872	0.4068
2140	H	0.3631	0.4008
2141	M	0.2988	0.3840
2142	G	0.3321	0.3586
2143	N	0.3704	0.3339
2144	V	0.3704	0.3119
2145	V	0.2884	0.2891
2146	E	0.2918	0.2699
2147	A	0.2645	0.2452
2148	L	0.3087	0.2231
2149	I	0.2849	0.2018
2150	A	0.2988	0.1910
2151	L	0.2884	0.1829
2152	T	0.2399	0.1767
2153	N	0.1702	0.1691
2154	M	0.0967	0.1559
2155	V	0.0888	0.1393
2156	S	0.0817	0.1254
2157	A	0.0463	0.1097
2158	A	0.0341	0.0990
2159	A	0.0327	0.0906
2160	P	0.0349	0.0852
2161	S	0.0414	0.0743
2162	L	0.0646	0.0641
2163	L	0.0398	0.0548
2164	I	0.0443	0.0481
2165	L	0.0433	0.0456
2166	L	0.0690	0.0457
2167	L	0.0765	0.0464
2168	L	0.0749	0.0476
2169	L	0.0870	0.0500
2170	L	0.1028	0.0530
2171	G	0.0543	0.0552
2172	S	0.0433	0.0607
2173	V	0.0443	0.0646
2174	P	0.0690	0.0711
2175	A	0.0967	0.0723
2176	T	0.1229	0.0723
2177	D	0.1501	0.0681
2178	A	0.2470	0.0634
2179	R	0.3149	0.0613
2180	S	0.3053	0.0572
2181	V	0.2951	0.0524
2182	M	0.1942	0.0487
2183	V	0.1251	0.0449
2184	S	0.1115	0.0452
2185	A	0.0531	0.0445
2186	A	0.0364	0.0475
2187	A	0.0205	0.0525
2188	P	0.0117	0.0620
2189	S	0.0136	0.0711
2190	L	0.0134	0.0794
2191	L	0.0096	0.0894
2192	I	0.0151	0.1026
2193	L	0.0148	0.1216
2194	L	0.0227	0.1440
2195	L	0.0248	0.1669
2196	L	0.0244	0.1920
2197	L	0.0300	0.2152
2198	L	0.0356	0.2323
2199	G	0.0188	0.2450
2200	S	0.0223	0.2639
2201	V	0.0214	0.2888
2202	P	0.0349	0.3147
2203	A	0.0518	0.3345
2204	T	0.0929	0.3527
2205	D	0.0734	0.3722
2206	A	0.0719	0.3878
2207	R	0.1399	0.4081
2208	S	0.2328	0.4323
2209	V	0.2436	0.4089
2210	P	0.2064	0.3843
2211	L	0.2064	0.3635
2212	K	0.2817	0.3528
2213	A	0.2470	0.3417
2214	T	0.3087	0.3286
2215	F	0.2609	0.3190
2216	L	0.2680	0.3149
2217	E	0.3019	0.3144
2218	D	0.2988	0.3199
2219	V	0.2951	0.3304
2220	A	0.3356	0.3444
2221	G	0.3019	0.3592
2222	S	0.3872	0.3734
2223	G	0.4186	0.3845
2224	E	0.4582	0.3958
2225	A	0.3494	0.4057
2226	E	0.5055	0.4139
2227	G	0.6620	0.4212
2228	S	0.6712	0.4260
2229	S	0.5017	0.4279
2230	A	0.6089	0.4287
2231	S	0.7036	0.4290
2232	S	0.6482	0.4286
2233	P	0.5211	0.4271
2234	S	0.5176	0.4265
2235	L	0.5254	0.4251
2236	P	0.5854	0.4244
2237	P	0.5456	0.4238
2238	P	0.4901	0.4218
2239	W	0.4940	0.4185
2240	T	0.5342	0.4168
2241	P	0.5951	0.4156
2242	A	0.6427	0.4145
2243	L	0.5017	0.4139
2244	S	0.4801	0.4165
2245	P	0.3840	0.4192
2246	T	0.4831	0.4234
2247	S	0.4507	0.4276
2248	M	0.4507	0.4318
2249	G	0.4149	0.4287
2250	P	0.5707	0.4206
2251	Q	0.6043	0.4140
2252	P	0.5758	0.4067
2253	I	0.6531	0.3970
2254	T	0.6089	0.3904
2255	L	0.5017	0.3858
2256	G	0.4901	0.3840
2257	G	0.4831	0.3811
2258	P	0.3774	0.3760
2259	S	0.3529	0.3693
2260	P	0.3704	0.3703
2261	P	0.2193	0.3722
2262	T	0.1115	0.3743
2263	N	0.0948	0.3793
2264	F	0.1881	0.3901
2265	L	0.1028	0.3887
2266	D	0.1184	0.3826
2267	G	0.0909	0.3670
2268	I	0.0518	0.3508
2269	V	0.0227	0.3375
2270	D	0.0191	0.3251
2271	F	0.0113	0.2987
2272	F	0.0076	0.2665
2273	R	0.0075	0.2332
2274	Q	0.0071	0.1992
2275	Y	0.0081	0.1653
2276	V	0.0097	0.1445
2277	M	0.0061	0.1284
2278	L	0.0047	0.1163
2279	I	0.0049	0.1045
2280	A	0.0054	0.0944
2281	V	0.0036	0.0838
2282	V	0.0038	0.0748
2283	G	0.0044	0.0671
2284	S	0.0035	0.0609
2285	L	0.0031	0.0547
2286	A	0.0037	0.0488
2287	F	0.0037	0.0413
2288	L	0.0032	0.0325
2289	L	0.0042	0.0260
2290	M	0.0057	0.0217
2291	F	0.0066	0.0174
2292	I	0.0083	0.0144
2293	V	0.0113	0.0128
2294	C	0.0111	0.0121
2295	A	0.0099	0.0102
2296	A	0.0146	0.0093
2297	V	0.0146	0.0088
2298	I	0.0163	0.0087
2299	T	0.0148	0.0095
2300	R	0.0275	0.0105
2301	Q	0.0356	0.0111
2302	K	0.0749	0.0119
2303	Q	0.0676	0.0118
2304	K	0.1229	0.0116
2305	A	0.1791	0.0111
2306	S	0.2094	0.0119
2307	A	0.2436	0.0125
2308	Y	0.2064	0.0131
2309	Y	0.2364	0.0137
2310	P	0.2436	0.0149
2311	S	0.2503	0.0157
2312	S	0.1969	0.0172
2313	F	0.1399	0.0182
2314	P	0.1275	0.0215
2315	K	0.1070	0.0240
2316	K	0.1070	0.0258
2317	K	0.0888	0.0257
2318	Y	0.1275	0.0258
2319	V	0.2064	0.0269
2320	D	0.2193	0.0290
2321	Q	0.1229	0.0292
2322	M	0.0704	0.0299
2323	V	0.0405	0.0305
2324	S	0.0483	0.0338
2325	A	0.0235	0.0363
2326	A	0.0146	0.0419
2327	A	0.0097	0.0523
2328	P	0.0071	0.0687
2329	S	0.0102	0.0887
2330	L	0.0136	0.1102
2331	L	0.0094	0.1328
2332	I	0.0099	0.1611
2333	L	0.0100	0.1975
2334	L	0.0141	0.2358
2335	L	0.0153	0.2681
2336	L	0.0151	0.2911
2337	L	0.0181	0.3015
2338	L	0.0209	0.2949
2339	G	0.0123	0.2758
2340	S	0.0143	0.2593
2341	V	0.0136	0.2445
2342	P	0.0218	0.2267
2343	A	0.0300	0.2057
2344	T	0.0543	0.1855
2345	D	0.0424	0.1667
2346	A	0.0389	0.1483
2347	R	0.0780	0.1383
2348	S	0.1399	0.1313
2349	V	0.1501	0.1268
2350	P	0.1206	0.1226
2351	L	0.1229	0.1177
2352	K	0.1731	0.1116
2353	A	0.1476	0.1065
2354	T	0.1942	0.1068
2355	F	0.1501	0.1047
2356	L	0.1028	0.1062
2357	E	0.1373	0.1086
2358	D	0.0690	0.1086
2359	V	0.0719	0.1072
2360	A	0.0719	0.1088
2361	G	0.0313	0.1124
2362	S	0.0618	0.1174
2363	G	0.0605	0.1239
2364	E	0.0799	0.1320
2365	A	0.0799	0.1358
2366	M	0.0888	0.1397
2367	N	0.1528	0.1373
2368	W	0.1583	0.1382
2369	K	0.0817	0.1446
2370	V	0.1323	0.1528
2371	L	0.1092	0.1620
2372	T	0.1137	0.1679
2373	G	0.0909	0.1767
2374	T	0.0985	0.1867
2375	T	0.0398	0.2011
2376	Y	0.0631	0.2174
2377	S	0.0483	0.2416
2378	P	0.0269	0.2709
2379	W	0.0555	0.2986
2380	R	0.0327	0.3039
2381	V	0.0300	0.3097
2382	R	0.0568	0.3040
2383	M	0.0320	0.3050
2384	E	0.0191	0.2980
2385	F	0.0119	0.2905
2386	P	0.0117	0.2652
2387	L	0.0209	0.2383
2388	C	0.0119	0.2107
2389	G	0.0095	0.1899
2390	C	0.0160	0.1685
2391	L	0.0160	0.1602
2392	S	0.0258	0.1523
2393	L	0.0253	0.1506
2394	I	0.0341	0.1430
2395	L	0.0320	0.1339
2396	H	0.0380	0.1224
2397	H	0.0320	0.1206
2398	F	0.0581	0.1204
2399	A	0.0967	0.1131
2400	D	0.1048	0.1039
2401	K	0.1611	0.0957
2402	E	0.1731	0.0851
2403	G	0.1070	0.0744
2404	R	0.1449	0.0636
2405	T	0.2258	0.0567
2406	I	0.2094	0.0504
2407	G	0.1206	0.0463
2408	R	0.1251	0.0416
2409	R	0.1298	0.0366
2410	E	0.1476	0.0336
2411	S	0.1424	0.0307
2412	C	0.1611	0.0284
2413	L	0.0817	0.0277
2414	A	0.0851	0.0275
2415	T	0.0676	0.0270
2416	I	0.0646	0.0258
2417	W	0.1162	0.0259
2418	T	0.0662	0.0247
2419	I	0.0320	0.0241
2420	S	0.0178	0.0242
2421	R	0.0168	0.0246
2422	P	0.0108	0.0248
2423	W	0.0151	0.0245
2424	Q	0.0202	0.0233
2425	A	0.0258	0.0224
2426	G	0.0143	0.0228
2427	S	0.0253	0.0239
2428	L	0.0327	0.0249
2429	W	0.0191	0.0273
2430	I	0.0380	0.0282
2431	T	0.0398	0.0305
2432	L	0.0263	0.0323
2433	S	0.0263	0.0365
2434	M	0.0300	0.0422
2435	N	0.0181	0.0487
2436	W	0.0141	0.0557
2437	K	0.0093	0.0600
2438	V	0.0070	0.0630
2439	L	0.0072	0.0670
2440	E	0.0095	0.0717
2441	H	0.0133	0.0808
2442	V	0.0130	0.0867
2443	P	0.0218	0.0929
2444	L	0.0143	0.0963
2445	L	0.0113	0.1000
2446	L	0.0079	0.1051
2447	Y	0.0087	0.1163
2448	I	0.0065	0.1323
2449	L	0.0082	0.1510
2450	A	0.0075	0.1702
2451	A	0.0066	0.1878
2452	K	0.0066	0.2041
2453	T	0.0066	0.2178
2454	L	0.0061	0.2334
2455	I	0.0071	0.2525
2456	L	0.0066	0.2675
2457	C	0.0090	0.2779
2458	L	0.0134	0.2705
2459	T	0.0218	0.2636
2460	F	0.0364	0.2580
2461	A	0.0244	0.2487
2462	G	0.0306	0.2355
2463	V	0.0248	0.2218
2464	K	0.0248	0.2126
2465	M	0.0424	0.1977
2466	Y	0.0765	0.1767
2467	Q	0.1298	0.1611
2468	R	0.1184	0.1488
2469	K	0.1914	0.1415
2470	R	0.1583	0.1317
2471	L	0.2715	0.1213
2472	E	0.3019	0.1151
2473	A	0.3053	0.1119
2474	K	0.3740	0.1107
2475	Q	0.3740	0.1059
2476	Q	0.4087	0.1046
2477	K	0.5254	0.1069
2478	L	0.5254	0.1080
2479	E	0.5342	0.1108
2480	A	0.5296	0.1141
2481	E	0.5493	0.1211
2482	R	0.6183	0.1327
2483	K	0.6322	0.1422
2484	K	0.5342	0.1526
2485	Q	0.5342	0.1625
2486	S	0.4541	0.1788
2487	E	0.3631	0.1969
2488	K	0.3667	0.2145
2489	K	0.4685	0.2369
2490	D	0.3910	0.2564
2491	N	0.4541	0.2798
2492	M	0.3599	0.3071
2493	N	0.2752	0.3316
2494	W	0.1914	0.3661
2495	K	0.1137	0.4007
2496	V	0.0646	0.4299
2497	L	0.0389	0.3877
2498	E	0.0313	0.3491
2499	H	0.0253	0.3054
2500	V	0.0253	0.2748
2501	P	0.0253	0.2477
2502	L	0.0148	0.2207
2503	L	0.0111	0.2004
2504	L	0.0078	0.1836
2505	Y	0.0090	0.1739
2506	I	0.0066	0.1655
2507	L	0.0084	0.1613
2508	A	0.0076	0.1614
2509	A	0.0069	0.1635
2510	K	0.0066	0.1734
2511	T	0.0066	0.1810
2512	L	0.0061	0.1848
2513	I	0.0071	0.1922
2514	L	0.0069	0.2004
2515	C	0.0092	0.2162
2516	L	0.0138	0.2362
2517	T	0.0235	0.2653
2518	F	0.0398	0.2909
2519	A	0.0269	0.3223
2520	G	0.0334	0.3579
2521	V	0.0263	0.3925
2522	K	0.0269	0.4277
2523	M	0.0463	0.3960
2524	Y	0.0851	0.3439
2525	Q	0.1424	0.2975
2526	R	0.1251	0.2635
2527	K	0.2002	0.2350
2528	R	0.1671	0.2101
2529	L	0.2817	0.1848
2530	E	0.3149	0.1666
2531	A	0.3215	0.1547
2532	K	0.3948	0.1451
2533	Q	0.3910	0.1333
2534	Q	0.4256	0.1261
2535	K	0.5382	0.1247
2536	L	0.5419	0.1240
2537	E	0.5419	0.1253
2538	A	0.5419	0.1273
2539	E	0.5577	0.1331
2540	R	0.6322	0.1437
2541	K	0.6531	0.1532
2542	K	0.5533	0.1633
2543	Q	0.5533	0.1731
2544	S	0.4725	0.1894
2545	E	0.3872	0.2073
2546	K	0.3840	0.2249
2547	K	0.4940	0.2468
2548	D	0.4186	0.2658
2549	N	0.4864	0.2884
2550	M	0.3983	0.3145
2551	N	0.3182	0.3378
2552	W	0.2399	0.3705
2553	K	0.1583	0.4030
2554	V	0.0985	0.4302
2555	L	0.0631	0.3910
2556	E	0.0531	0.3552
2557	H	0.0433	0.3144
2558	V	0.0443	0.2858
2559	P	0.0443	0.2604
2560	L	0.0248	0.2348
2561	L	0.0184	0.2155
2562	L	0.0115	0.1993
2563	Y	0.0136	0.1898
2564	I	0.0096	0.1816
2565	L	0.0133	0.1774
2566	A	0.0115	0.1775
2567	A	0.0102	0.1794
2568	K	0.0096	0.1891
2569	T	0.0097	0.1965
2570	L	0.0089	0.2002
2571	I	0.0104	0.2070
2572	L	0.0099	0.2145
2573	C	0.0138	0.2294
2574	L	0.0223	0.2482
2575	T	0.0380	0.2759
2576	F	0.0631	0.2999
2577	A	0.0424	0.3295
2578	G	0.0518	0.3628
2579	V	0.0398	0.3951
2580	K	0.0405	0.4281
2581	M	0.0662	0.3981
2582	Y	0.1137	0.3484
2583	Q	0.1731	0.3036
2584	R	0.1554	0.2702
2585	K	0.2292	0.2421
2586	R	0.1942	0.2174
2587	L	0.3053	0.1922
2588	E	0.3356	0.1738
2589	A	0.3426	0.1617
2590	K	0.4149	0.1519
2591	Q	0.4119	0.1399
2592	Q	0.4409	0.1326
2593	K	0.5456	0.1311
2594	L	0.5493	0.1303
2595	E	0.5493	0.1316
2596	A	0.5456	0.1336
2597	E	0.5620	0.1394
2598	R	0.6322	0.1500
2599	K	0.6531	0.1594
2600	K	0.5533	0.1695
2601	Q	0.5533	0.1793
2602	S	0.4725	0.1955
2603	E	0.3872	0.2133
2604	K	0.3840	0.2308
2605	K	0.4940	0.2524
2606	D	0.4186	0.2710
2607	N	0.4864	0.2929
2608	M	0.3983	0.3184
2609	N	0.3182	0.3410
2610	W	0.2399	0.3728
2611	K	0.1583	0.4042
2612	V	0.0985	0.4303
2613	L	0.0631	0.3929
2614	E	0.0531	0.3589
2615	H	0.0433	0.3202
2616	V	0.0443	0.2931
2617	P	0.0443	0.2692
2618	L	0.0248	0.2451
2619	L	0.0191	0.2270
2620	L	0.0120	0.2119
2621	Y	0.0143	0.2034
2622	I	0.0100	0.1962
2623	L	0.0138	0.1930
2624	A	0.0125	0.1939
2625	A	0.0109	0.1967
2626	K	0.0104	0.2073
2627	T	0.0105	0.2157
2628	L	0.0095	0.2203
2629	I	0.0119	0.2278
2630	L	0.0113	0.2357
2631	C	0.0168	0.2506
2632	L	0.0275	0.2688
2633	T	0.0483	0.2949
2634	F	0.0799	0.3174
2635	A	0.0581	0.3442
2636	G	0.0690	0.3735
2637	V	0.0568	0.4013
2638	K	0.0568	0.4290
2639	M	0.0929	0.4042
2640	Y	0.1501	0.3631
2641	Q	0.2164	0.3258
2642	R	0.2129	0.2979
2643	K	0.2849	0.2744
2644	R	0.2609	0.2535
2645	L	0.3631	0.2319
2646	E	0.3948	0.2157
2647	A	0.4017	0.2048
2648	K	0.4725	0.1957
2649	Q	0.4725	0.1844
2650	Q	0.4979	0.1774
2651	K	0.6043	0.1764
2652	L	0.6089	0.1759
2653	E	0.6043	0.1776
2654	A	0.6043	0.1799
2655	E	0.6227	0.1859
2656	R	0.6991	0.1965
2657	K	0.7209	0.2058
2658	K	0.6227	0.2156
2659	Q	0.6227	0.2252
2660	S	0.5419	0.2406
2661	E	0.4652	0.2575
2662	K	0.4619	0.2739
2663	K	0.5665	0.2930
2664	D	0.4979	0.3089
2665	N	0.5665	0.3270
2666	M	0.4901	0.3473
2667	N	0.4186	0.3652
2668	W	0.3494	0.3894
2669	K	0.2752	0.4127
2670	V	0.2002	0.4314
2671	L	0.1476	0.4053
2672	E	0.1349	0.3818
2673	H	0.1206	0.3553
2674	V	0.1206	0.3369
2675	P	0.1206	0.3205
2676	L	0.0749	0.3031
2677	L	0.0555	0.2891
2678	L	0.0341	0.2761
2679	Y	0.0405	0.2687
2680	I	0.0269	0.2617
2681	L	0.0398	0.2578
2682	A	0.0341	0.2555
2683	A	0.0306	0.2545
2684	K	0.0281	0.2598
2685	T	0.0294	0.2617
2686	L	0.0244	0.2624
2687	I	0.0327	0.2631
2688	L	0.0300	0.2638
2689	C	0.0463	0.2721
2690	L	0.0749	0.2812
2691	T	0.1162	0.2953
2692	F	0.1643	0.3076
2693	A	0.1275	0.3213
2694	G	0.1424	0.3353
2695	V	0.1275	0.3478
2696	K	0.1251	0.3607
2697	M	0.1791	0.3745
2698	Y	0.2503	0.3930
2699	Q	0.3087	0.4114
2700	R	0.3182	0.4220
2701	K	0.3840	0.4309
2702	R	0.3631	0.4320
2703	L	0.4619	0.4279
2704	E	0.4766	0.4262
2705	A	0.4725	0.4278
2706	K	0.5296	0.4306
2707	Q	0.5342	0.4316
2708	Q	0.5533	0.4243
2709	K	0.6620	0.4167
2710	L	0.6531	0.4095
2711	E	0.6427	0.3989
2712	A	0.6576	0.3880
2713	E	0.6755	0.3742
2714	R	0.7415	0.3681
2715	K	0.7505	0.3625
2716	K	0.7672	0.3567
2717	Q	0.7755	0.3514
2718	S	0.7718	0.3467
2719	E	0.7672	0.3386
2720	K	0.7672	0.3369
2721	K	0.7459	0.3500
2722	D	0.7415	0.3721
2723	N	0.7595	0.3964
2724	M	0.7505	0.4294
2725	D	0.7595	0.4328
2726	R	0.7672	0.4408
2727	T	0.6948	0.4611
2728	E	0.6948	0.4869
2729	T	0.7036	0.5279
2730	R	0.6948	0.5763
2731	F	0.6136	0.6342
2732	R	0.6227	0.6453
2733	K	0.6183	0.6537
2734	R	0.6043	0.6651
2735	G	0.6136	0.6746
2736	Q	0.6089	0.6962
2737	I	0.6576	0.7211
2738	T	0.6712	0.7253
2739	G	0.6620	0.7300
2740	K	0.6661	0.7208
2741	I	0.6906	0.7095
2742	T	0.7916	0.6602
2743	T	0.8013	0.6341
2744	S	0.8050	0.6115
2745	R	0.8421	0.5817
2746	Q	0.8421	0.5496
2747	P	0.8343	0.5206
2748	H	0.8894	0.4851
2749	R	0.8920	0.4474
2750	Q	0.8894	0.4104
2751	N	0.8966	0.3826
2752	E	0.8894	0.3737
2753	Q	0.9057	0.3958
2754	S	0.8565	0.4372
2755	P	0.8623	0.4739
2756	Q	0.8713	0.5056
2757	R	0.8162	0.5532
2758	S	0.7250	0.6135
2759	T	0.7250	0.6711
2760	S	0.7369	0.7342
2761	G	0.7369	0.7836
2762	Y	0.6576	0.8293
2763	P	0.5707	0.8615
2764	L	0.5758	0.8862
2765	Q	0.6089	0.8935
2766	E	0.5707	0.9011
2767	V	0.5456	0.9165
2768	V	0.5854	0.9210
2769	D	0.5951	0.9179
2770	D	0.5342	0.9182
2771	E	0.5456	0.9183
2772	V	0.5665	0.9223
2773	L	0.6712	0.9194
2774	G	0.6661	0.9075
2775	P	0.7799	0.8915
2776	S	0.6755	0.8809
2777	A	0.6620	0.8631
2778	P	0.7250	0.8300
2779	G	0.7250	0.8095
2780	V	0.7289	0.7917
2781	D	0.5992	0.7680
2782	P	0.5854	0.7318
2783	S	0.6375	0.6834
2784	P	0.7080	0.6367
2785	P	0.6851	0.6016
2786	C	0.6531	0.5687
2787	R	0.5419	0.5460
2788	S	0.5533	0.5378
2789	L	0.5382	0.5410
2790	G	0.5342	0.5163
2791	W	0.5901	0.4917
2792	K	0.5807	0.4541
2793	R	0.5533	0.4293
2794	K	0.5577	0.4144
2795	R	0.5577	0.4087
2796	E	0.5296	0.4103
2797	W	0.6183	0.4113
2798	S	0.6322	0.3957
2799	D	0.5665	0.3838
2800	E	0.6227	0.3731
2801	S	0.6427	0.3738
2802	E	0.7595	0.3743
2803	E	0.7951	0.3847
2804	E	0.8085	0.3928
2805	P	0.8162	0.3983
2806	E	0.8343	0.4015
2807	K	0.7289	0.4089
2808	E	0.7843	0.4241
2809	L	0.7331	0.4511
2810	A	0.7250	0.4639
2811	P	0.7289	0.4704
2812	E	0.6576	0.4829
2813	P	0.5533	0.4952
2814	E	0.5620	0.5076
2815	E	0.4940	0.5248
2816	T	0.4619	0.5409
2817	W	0.4476	0.5610
2818	V	0.4476	0.5746
2819	V	0.3840	0.5850
2820	E	0.4292	0.5876
2821	T	0.4441	0.5969
2822	L	0.4292	0.6042
2823	C	0.4149	0.5954
2824	G	0.3392	0.5904
2825	L	0.3392	0.5814
2826	K	0.3599	0.5636
2827	M	0.2918	0.5527
2828	K	0.3215	0.5350
2829	L	0.3053	0.5295
2830	K	0.3529	0.5199
2831	Q	0.3494	0.5139
2832	Q	0.3426	0.5071
2833	R	0.3910	0.4978
2834	V	0.4801	0.4959
2835	S	0.3740	0.4902
2836	P	0.4441	0.4833
2837	I	0.4476	0.4764
2838	L	0.4685	0.4664
2839	L	0.4119	0.4543
2840	E	0.4541	0.4428
2841	H	0.4864	0.4336
2842	H	0.4831	0.4245
2843	K	0.4186	0.4191
2844	D	0.4441	0.4156
2845	F	0.5176	0.4134
2846	N	0.5139	0.4137
2847	S	0.5139	0.4153
2848	Q	0.6227	0.4176
2849	L	0.6948	0.4196
2850	A	0.7459	0.4232
2851	P	0.7369	0.4273
2852	G	0.5992	0.4303
2853	V	0.5139	0.4318
2854	D	0.4119	0.4328
2855	P	0.3910	0.4337
2856	S	0.4652	0.4336
2857	P	0.4476	0.4337
2858	P	0.4220	0.4335
2859	H	0.4186	0.4337
2860	R	0.3774	0.4335
2861	S	0.2849	0.4327
2862	F	0.2715	0.4324
2863	C	0.2575	0.4321
2864	W	0.3053	0.4325
2865	K	0.3019	0.4325
2866	R	0.2849	0.4329
2867	K	0.2849	0.4333
2868	M	0.2680	0.4317
2869	E	0.2503	0.4337
2870	W	0.2609	0.4318
2871	W	0.2988	0.4263
2872	D	0.2849	0.4140
2873	K	0.3807	0.3980
2874	S	0.3910	0.3844
2875	E	0.4186	0.3713
2876	E	0.4051	0.3626
2877	S	0.4476	0.3546
2878	E	0.4619	0.3437
2879	E	0.5139	0.3331
2880	E	0.5139	0.3271
2881	P	0.6576	0.3179
2882	R	0.6948	0.3181
2883	K	0.5342	0.3314
2884	V	0.4725	0.3513
2885	L	0.4541	0.3709
2886	A	0.4582	0.3796
2887	P	0.4149	0.3841
2888	E	0.3426	0.3933
2889	P	0.2715	0.4116
2890	E	0.2680	0.4336
2891	E	0.1881	0.4056
2892	I	0.1643	0.3751
2893	W	0.1501	0.3492
2894	V	0.1501	0.3340
2895	A	0.1323	0.3222
2896	E	0.1914	0.3150
2897	M	0.1969	0.3007
2898	L	0.1643	0.2993
2899	C	0.1501	0.3128
2900	G	0.0909	0.3379
2901	L	0.0851	0.3704
2902	K	0.0483	0.4118
2903	M	0.0531	0.4124
2904	K	0.0618	0.3611
2905	L	0.1028	0.3167
2906	K	0.1206	0.2685
2907	R	0.1092	0.2306
2908	R	0.1298	0.2017
2909	R	0.1942	0.1870
2910	V	0.2364	0.1848
2911	S	0.1298	0.1843
2912	L	0.2064	0.1834
2913	V	0.2064	0.1788
2914	L	0.1643	0.1713
2915	P	0.1070	0.1662
2916	E	0.1702	0.1592
2917	H	0.1759	0.1582
2918	H	0.2064	0.1539
2919	E	0.1611	0.1415
2920	A	0.1070	0.1253
2921	F	0.1554	0.1066
2922	N	0.1528	0.0916
2923	R	0.1275	0.0757
2924	L	0.1162	0.0636
2925	L	0.1611	0.0539
2926	E	0.0676	0.0450
2927	D	0.0662	0.0377
2928	P	0.0704	0.0318
2929	V	0.0734	0.0271
2930	I	0.0424	0.0233
2931	K	0.0473	0.0211
2932	R	0.0676	0.0185
2933	F	0.0592	0.0166
2934	L	0.0631	0.0163
2935	A	0.1070	0.0168
2936	W	0.0985	0.0175
2937	D	0.0592	0.0199
2938	K	0.0349	0.0226
2939	D	0.0263	0.0249
2940	L	0.0313	0.0278
2941	R	0.0364	0.0317
2942	V	0.0227	0.0354
2943	S	0.0205	0.0416
2944	D	0.0235	0.0477
2945	K	0.0198	0.0507
2946	Y	0.0223	0.0524
2947	L	0.0463	0.0526
2948	L	0.0389	0.0498
2949	A	0.0389	0.0473
2950	M	0.0191	0.0438
2951	V	0.0356	0.0407
2952	I	0.0356	0.0376
2953	A	0.0240	0.0351
2954	Y	0.0263	0.0320
2955	F	0.0153	0.0294
2956	S	0.0160	0.0292
2957	R	0.0258	0.0295
2958	A	0.0248	0.0302
2959	G	0.0405	0.0316
2960	F	0.0231	0.0320
2961	P	0.0148	0.0346
2962	S	0.0133	0.0362
2963	W	0.0171	0.0366
2964	Q	0.0123	0.0382
2965	Y	0.0120	0.0384
2966	Q	0.0138	0.0388
2967	R	0.0123	0.0369
2968	L	0.0136	0.0362
2969	H	0.0157	0.0362
2970	F	0.0127	0.0354
2971	F	0.0231	0.0356
2972	L	0.0202	0.0353
2973	A	0.0205	0.0363
2974	L	0.0454	0.0373
2975	Y	0.0414	0.0383
2976	L	0.0765	0.0400
2977	A	0.0704	0.0421
2978	N	0.0749	0.0459
2979	D	0.1323	0.0498
2980	M	0.1449	0.0538
2981	E	0.1643	0.0591
2982	E	0.1583	0.0653
2983	D	0.2328	0.0750
2984	D	0.1476	0.0882
2985	E	0.1476	0.1054
2986	D	0.1449	0.1289
2987	S	0.2193	0.1600
2988	K	0.2541	0.1967
2989	Q	0.2541	0.2330
2990	N	0.2503	0.2679
2991	I	0.2817	0.3015
2992	F	0.2783	0.3372
2993	H	0.1942	0.3708
2994	F	0.2164	0.3923
2995	L	0.1399	0.4097
2996	Y	0.0835	0.4230
2997	G	0.0799	0.4288
2998	K	0.0851	0.4334
2999	N	0.0799	0.4319
3000	R	0.0719	0.4322
3001	S	0.0300	0.4271
3002	R	0.0581	0.4161
3003	I	0.0719	0.4012
3004	P	0.0389	0.3834
3005	L	0.0817	0.3620
3006	L	0.1323	0.3449
3007	R	0.1791	0.3245
3008	K	0.1881	0.3053
3009	R	0.2034	0.2935
3010	R	0.1881	0.2796
3011	F	0.1643	0.2664
3012	Q	0.1643	0.2617
3013	L	0.1731	0.2557
3014	Y	0.2715	0.2557
3015	R	0.2399	0.2614
3016	S	0.3249	0.2678
3017	M	0.4087	0.2709
3018	N	0.3249	0.2819
3019	P	0.3426	0.2946
3020	R	0.2575	0.3041
3021	A	0.1969	0.3131
3022	R	0.3149	0.3251
3023	K	0.3053	0.3299
3024	N	0.3910	0.3389
3025	R	0.4864	0.3410
3026	S	0.3667	0.3390
3027	H	0.3872	0.3364
3028	I	0.3392	0.3379
3029	P	0.3182	0.3359
3030	L	0.2951	0.3299
3031	V	0.2193	0.3303
3032	R	0.2094	0.3232
3033	K	0.2292	0.3178
3034	R	0.2470	0.3224
3035	R	0.2292	0.3276
3036	F	0.2034	0.3348
3037	Q	0.2064	0.3484
3038	L	0.2164	0.3582
3039	R	0.3182	0.3726
3040	R	0.2918	0.3880
3041	C	0.3774	0.4085
3042	M	0.4582	0.4196
3043	N	0.3840	0.4237
3044	P	0.3149	0.4078
3045	R	0.2364	0.4062
3046	A	0.1424	0.4147
3047	R	0.2645	0.4207
3048	K	0.2575	0.4320
3049	N	0.3426	0.4270
3050	R	0.3426	0.4165
3051	S	0.2328	0.3952
3052	Q	0.3117	0.3677
3053	I	0.2436	0.3362
3054	V	0.1349	0.3015
3055	L	0.0734	0.2802
3056	F	0.0719	0.2701
3057	Q	0.0719	0.2683
3058	K	0.0719	0.2642
3059	R	0.0405	0.2715
3060	R	0.0364	0.2746
3061	F	0.0320	0.2732
3062	H	0.0160	0.2863
3063	F	0.0109	0.3048
3064	F	0.0160	0.3430
3065	C	0.0253	0.3953
3066	S	0.0405	0.4237
3067	M	0.0799	0.3759
3068	S	0.0454	0.3225
3069	C	0.0405	0.2670
3070	R	0.0398	0.2214
3071	A	0.0263	0.1892
3072	W	0.0581	0.1533
3073	V	0.0506	0.1279
3074	S	0.0592	0.1044
3075	P	0.1115	0.0884
3076	E	0.1881	0.0785
3077	E	0.1823	0.0720
3078	L	0.2164	0.0692
3079	E	0.1137	0.0694
3080	E	0.1251	0.0741
3081	I	0.0568	0.0834
3082	Q	0.0568	0.0889
3083	A	0.1251	0.0933
3084	Y	0.1671	0.0942
3085	D	0.1702	0.0955
3086	P	0.1349	0.1004
3087	E	0.1373	0.1029
3088	H	0.0929	0.1084
3089	W	0.1399	0.1089
3090	V	0.1229	0.1063
3091	W	0.1070	0.0977
3092	A	0.1373	0.0856
3093	R	0.1007	0.0742
3094	D	0.0909	0.0689
3095	R	0.1399	0.0671
3096	A	0.1162	0.0672
3097	R	0.0690	0.0649
3098	L	0.0531	0.0640
3099	S	0.0306	0.0591