>ENST00000258704.3      153     264     153     276     PF11357.11      Spy1    1       113     131     152.33  8.9e-45 4.5e-49 1       0       
>ENST00000258704.3      285     332     271     332     PF11357.11      Spy1    84      131     131     45.76   7.8e-12 4.0e-16 1       0       
>ENST00000316084.10     95      169     95      169     PF00900.23      Ribosomal_S4e   1       75      75      128.08  9.3e-38 2.4e-41 1       0       CL0021
>ENST00000316084.10     212     259     212     259     PF16121.8       40S_S4_C        1       48      48      99.44   6.7e-29 1.7e-32 1       0       
>ENST00000316084.10     3       39      3       39      PF08071.15      RS4NT   1       37      37      74.17   7.0e-21 1.8e-24 1       0       
>ENST00000316084.10     43      90      42      90      PF01479.28      S4      2       48      48      25.49   8.7e-06 2.2e-09 1       0       CL0492
>ENST00000316084.10     178     211     177     211     PF00467.32      KOW     2       32      32      24.35   2.2e-05 5.6e-09 1       0       CL0107
>ENST00000376802.2      25      203     25      203     PF00129.21      MHC_I   1       179     179     317.05  2.9e-95 2.9e-99 1       0       CL0343
>ENST00000376802.2      218     290     210     290     PF07654.18      C1-set  11      86      86      55.05   8.3e-15 8.4e-19 1       0       CL0011
>ENST00000376809.10     25      203     25      203     PF00129.21      MHC_I   1       179     179     316.30  4.9e-95 7.5e-99 1       0       CL0343
>ENST00000376809.10     337     364     337     364     PF06623.14      MHC_I_C 1       28      28      59.89   1.6e-16 2.4e-20 1       0       
>ENST00000376809.10     219     290     210     290     PF07654.18      C1-set  12      86      86      54.57   1.2e-14 1.8e-18 1       0       CL0011
>ENST00000392806.4      25      277     25      277     PF15724.8       TMEM119 1       252     252     498.17  7.4e-150        3.8e-154        1       0       
>ENST00000396634.5      25      203     25      203     PF00129.21      MHC_I   1       179     179     316.30  4.9e-95 7.5e-99 1       0       CL0343
>ENST00000396634.5      337     364     337     364     PF06623.14      MHC_I_C 1       28      28      59.89   1.6e-16 2.4e-20 1       0       
>ENST00000396634.5      219     290     210     290     PF07654.18      C1-set  12      86      86      54.57   1.2e-14 1.8e-18 1       0       CL0011
>ENST00000406925.6      80      120     80      120     PF19026.3       HYPK_UBA        1       41      41      70.91   4.4e-20 2.2e-24 1       0       CL0214
>ENST00000442995.3      80      120     80      120     PF19026.3       HYPK_UBA        1       41      41      70.91   4.4e-20 2.2e-24 1       0       CL0214
>ENST00000549031.1      25      140     25      140     PF15724.8       TMEM119 1       116     252     252.73  6.1e-75 3.1e-79 1       0       
>ENST00000619874.4      5       52      4       56      PF14981.9       FAM165  2       49      50      85.36   2.0e-24 1.0e-28 1       0       
>ENST00000622934.3      5       52      4       56      PF14981.9       FAM165  2       49      50      85.36   2.0e-24 1.0e-28 1       0       
>ENST00000623661.1      5       52      4       56      PF14981.9       FAM165  2       49      50      85.36   2.0e-24 1.0e-28 1       0       
>ENST00000624304.3      5       52      4       56      PF14981.9       FAM165  2       49      50      85.36   2.0e-24 1.0e-28 1       0       
>ENST00000624758.3      5       52      4       56      PF14981.9       FAM165  2       49      50      85.36   2.0e-24 1.0e-28 1       0       
>ENST00000652520.1      193     304     193     316     PF11357.11      Spy1    1       113     131     152.06  1.1e-44 5.5e-49 1       0       
>ENST00000652520.1      325     372     321     372     PF11357.11      Spy1    84      131     131     45.69   8.2e-12 4.2e-16 1       0